n,sol_iteration,total_iterations,order_of_genes,fitness_val,execution_time,sol_chrom_json
15,771112,1000000,"(0, 1, 2, 3, 4, 7, 6, 5, 14, 13, 12, 10, 9, 11, 8)",138361.75,96.996,"{""n"": 15, ""F"": [0, 1, 2, 3, 4, 7, 12, 13, 8, 14, 6, 10, 9, 11, 5], ""L"": [26, 6, 5, 12, 36, 4, 7, 13, 42, 40, 39, 43, 30, 19, 10], ""C"": [[-1.0, 12.5, 11.0, 14.0, 20.0, 15.0, 13.5, 13.0, 12.5, 13.0, 17.0, 14.0, 20.0, 11.0, 8.5], [12.5, -1.0, 12.0, 12.0, 14.5, 10.0, 14.5, 11.0, 14.5, 13.0, 12.0, 7.5, 11.0, 9.5, 13.5], [11.0, 12.0, -1.0, 6.5, 7.5, 14.0, 16.0, 6.0, 17.5, 14.0, 7.0, 16.5, 9.0, 15.5, 12.5], [14.0, 12.0, 6.5, -1.0, 5.5, 16.5, 13.5, 15.0, 10.5, 12.0, 14.0, 15.0, 7.5, 12.0, 14.5], [20.0, 14.5, 7.5, 5.5, -1.0, 10.5, 10.5, 7.0, 12.5, 13.5, 12.0, 15.5, 13.0, 7.5, 17.5], [15.0, 10.0, 14.0, 16.5, 10.5, -1.0, 15.0, 12.5, 12.0, 10.0, 14.0, 8.0, 17.0, 7.5, 14.0], [13.5, 14.5, 16.0, 13.5, 10.5, 15.0, -1.0, 7.5, 8.0, 15.0, 19.5, 14.0, 13.5, 15.0, 19.5], [13.0, 11.0, 6.0, 15.0, 7.0, 12.5, 7.5, -1.0, 7.0, 11.0, 16.0, 8.0, 14.0, 12.5, 13.0], [12.5, 14.5, 17.5, 10.5, 12.5, 12.0, 8.0, 7.0, -1.0, 17.0, 10.0, 11.5, 18.5, 17.5, 11.5], [13.0, 13.0, 14.0, 12.0, 13.5, 10.0, 15.0, 11.0, 17.0, -1.0, 8.0, 12.5, 14.0, 11.5, 8.0], [17.0, 12.0, 7.0, 14.0, 12.0, 14.0, 19.5, 16.0, 10.0, 8.0, -1.0, 16.5, 17.0, 8.5, 10.5], [14.0, 7.5, 16.5, 15.0, 15.5, 8.0, 14.0, 8.0, 11.5, 12.5, 16.5, -1.0, 11.5, 19.0, 13.5], [20.0, 11.0, 9.0, 7.5, 13.0, 17.0, 13.5, 14.0, 18.5, 14.0, 17.0, 11.5, -1.0, 16.5, 10.5], [11.0, 9.5, 15.5, 12.0, 7.5, 7.5, 15.0, 12.5, 17.5, 11.5, 8.5, 19.0, 16.5, -1.0, 9.5], [8.5, 13.5, 12.5, 14.5, 17.5, 14.0, 19.5, 13.0, 11.5, 8.0, 10.5, 13.5, 10.5, 9.5, -1.0]]}"
15,490,1000000,"(0, 1, 2, 3, 4, 5, 6, 7, 8, 13, 9, 11, 12, 14, 10)",175300.5,98.116,"{""n"": 15, ""F"": [0, 1, 2, 3, 4, 7, 12, 13, 8, 14, 6, 10, 9, 11, 5], ""L"": [37, 41, 35, 16, 48, 26, 13, 9, 12, 30, 46, 32, 36, 29, 47], ""C"": [[-1.0, 10.5, 14.0, 13.0, 12.5, 14.5, 7.0, 10.5, 10.5, 7.5, 18.5, 11.0, 15.5, 11.5, 10.0], [10.5, -1.0, 12.5, 10.5, 11.0, 10.0, 6.5, 14.5, 14.5, 9.5, 10.5, 13.0, 12.5, 11.5, 8.5], [14.0, 12.5, -1.0, 11.5, 18.5, 10.5, 15.5, 18.5, 7.0, 7.5, 10.0, 19.0, 12.5, 13.0, 6.0], [13.0, 10.5, 11.5, -1.0, 17.5, 6.0, 16.0, 7.0, 11.5, 11.0, 13.5, 12.5, 7.5, 12.5, 13.5], [12.5, 11.0, 18.5, 17.5, -1.0, 13.5, 16.5, 12.5, 11.0, 13.5, 10.5, 17.0, 15.0, 10.5, 10.0], [14.5, 10.0, 10.5, 6.0, 13.5, -1.0, 9.5, 6.5, 8.5, 13.5, 16.5, 15.0, 11.0, 13.0, 11.0], [7.0, 6.5, 15.5, 16.0, 16.5, 9.5, -1.0, 18.5, 11.5, 9.5, 13.5, 18.5, 13.0, 19.0, 8.5], [10.5, 14.5, 18.5, 7.0, 12.5, 6.5, 18.5, -1.0, 17.5, 9.5, 11.5, 9.0, 8.0, 6.0, 15.0], [10.5, 14.5, 7.0, 11.5, 11.0, 8.5, 11.5, 17.5, -1.0, 11.0, 15.5, 15.0, 14.0, 11.5, 10.0], [7.5, 9.5, 7.5, 11.0, 13.5, 13.5, 9.5, 9.5, 11.0, -1.0, 6.0, 9.5, 13.0, 16.0, 10.0], [18.5, 10.5, 10.0, 13.5, 10.5, 16.5, 13.5, 11.5, 15.5, 6.0, -1.0, 12.5, 10.5, 12.0, 10.5], [11.0, 13.0, 19.0, 12.5, 17.0, 15.0, 18.5, 9.0, 15.0, 9.5, 12.5, -1.0, 10.5, 6.5, 14.5], [15.5, 12.5, 12.5, 7.5, 15.0, 11.0, 13.0, 8.0, 14.0, 13.0, 10.5, 10.5, -1.0, 12.5, 12.5], [11.5, 11.5, 13.0, 12.5, 10.5, 13.0, 19.0, 6.0, 11.5, 16.0, 12.0, 6.5, 12.5, -1.0, 12.0], [10.0, 8.5, 6.0, 13.5, 10.0, 11.0, 8.5, 15.0, 10.0, 10.0, 10.5, 14.5, 12.5, 12.0, -1.0]]}"
15,349911,1000000,"(0, 1, 2, 3, 4, 5, 14, 11, 8, 13, 12, 9, 7, 6, 10)",181267.25,98.018,"{""n"": 15, ""F"": [0, 1, 2, 3, 4, 7, 12, 13, 8, 14, 6, 10, 9, 11, 5], ""L"": [12, 13, 18, 33, 40, 19, 38, 47, 24, 37, 46, 6, 26, 25, 15], ""C"": [[-1.0, 12.5, 13.5, 12.5, 16.0, 14.0, 12.0, 11.5, 6.5, 13.0, 13.0, 17.0, 18.0, 13.0, 10.5], [12.5, -1.0, 9.5, 15.0, 14.0, 8.0, 17.0, 8.0, 19.5, 17.5, 15.5, 13.5, 14.5, 8.5, 16.0], [13.5, 9.5, -1.0, 15.5, 11.5, 11.0, 6.0, 15.5, 12.5, 13.0, 11.0, 14.5, 14.5, 12.0, 13.0], [12.5, 15.0, 15.5, -1.0, 7.0, 17.0, 12.0, 18.5, 11.5, 10.5, 17.0, 15.5, 12.5, 15.5, 7.0], [16.0, 14.0, 11.5, 7.0, -1.0, 9.5, 7.0, 11.5, 5.5, 10.0, 7.0, 16.5, 19.5, 15.5, 14.0], [14.0, 8.0, 11.0, 17.0, 9.5, -1.0, 18.5, 10.0, 11.5, 9.5, 17.0, 19.5, 14.5, 13.0, 13.5], [12.0, 17.0, 6.0, 12.0, 7.0, 18.5, -1.0, 15.5, 10.0, 15.5, 13.5, 5.0, 15.0, 13.0, 12.5], [11.5, 8.0, 15.5, 18.5, 11.5, 10.0, 15.5, -1.0, 11.0, 9.5, 7.5, 10.0, 7.5, 7.5, 7.5], [6.5, 19.5, 12.5, 11.5, 5.5, 11.5, 10.0, 11.0, -1.0, 11.5, 16.5, 8.0, 10.5, 17.5, 13.5], [13.0, 17.5, 13.0, 10.5, 10.0, 9.5, 15.5, 9.5, 11.5, -1.0, 14.5, 14.0, 11.0, 10.0, 18.5], [13.0, 15.5, 11.0, 17.0, 7.0, 17.0, 13.5, 7.5, 16.5, 14.5, -1.0, 13.5, 14.5, 14.0, 12.0], [17.0, 13.5, 14.5, 15.5, 16.5, 19.5, 5.0, 10.0, 8.0, 14.0, 13.5, -1.0, 12.5, 10.0, 16.5], [18.0, 14.5, 14.5, 12.5, 19.5, 14.5, 15.0, 7.5, 10.5, 11.0, 14.5, 12.5, -1.0, 15.5, 12.5], [13.0, 8.5, 12.0, 15.5, 15.5, 13.0, 13.0, 7.5, 17.5, 10.0, 14.0, 10.0, 15.5, -1.0, 18.0], [10.5, 16.0, 13.0, 7.0, 14.0, 13.5, 12.5, 7.5, 13.5, 18.5, 12.0, 16.5, 12.5, 18.0, -1.0]]}"
15,113981,1000000,"(0, 1, 2, 3, 4, 5, 8, 13, 11, 7, 14, 6, 12, 9, 10)",145168.5,98.190,"{""n"": 15, ""F"": [0, 1, 2, 3, 4, 7, 12, 13, 8, 14, 6, 10, 9, 11, 5], ""L"": [35, 40, 19, 6, 42, 20, 26, 15, 7, 45, 34, 10, 38, 14, 18], ""C"": [[-1.0, 13.0, 8.0, 10.0, 11.5, 12.5, 18.5, 12.5, 14.0, 14.5, 10.5, 15.5, 11.5, 13.5, 12.5], [13.0, -1.0, 20.0, 5.5, 9.0, 16.0, 8.5, 15.0, 8.5, 8.5, 14.0, 13.0, 16.5, 16.5, 15.0], [8.0, 20.0, -1.0, 11.0, 16.5, 17.0, 12.5, 6.0, 8.5, 14.0, 11.0, 13.0, 11.5, 10.0, 13.0], [10.0, 5.5, 11.0, -1.0, 18.5, 14.0, 13.0, 18.5, 15.0, 11.5, 11.5, 11.0, 7.0, 13.0, 18.0], [11.5, 9.0, 16.5, 18.5, -1.0, 17.0, 11.0, 11.5, 8.0, 11.0, 8.0, 6.5, 11.0, 7.5, 10.5], [12.5, 16.0, 17.0, 14.0, 17.0, -1.0, 13.5, 16.0, 16.0, 16.5, 14.5, 14.5, 16.5, 12.0, 14.0], [18.5, 8.5, 12.5, 13.0, 11.0, 13.5, -1.0, 10.0, 11.5, 9.0, 9.0, 9.5, 13.0, 8.5, 15.5], [12.5, 15.0, 6.0, 18.5, 11.5, 16.0, 10.0, -1.0, 14.5, 11.5, 18.5, 14.0, 12.5, 15.5, 11.5], [14.0, 8.5, 8.5, 15.0, 8.0, 16.0, 11.5, 14.5, -1.0, 17.5, 17.5, 11.0, 15.0, 12.5, 15.0], [14.5, 8.5, 14.0, 11.5, 11.0, 16.5, 9.0, 11.5, 17.5, -1.0, 9.5, 10.5, 14.5, 12.5, 12.0], [10.5, 14.0, 11.0, 11.5, 8.0, 14.5, 9.0, 18.5, 17.5, 9.5, -1.0, 9.5, 16.0, 20.0, 15.0], [15.5, 13.0, 13.0, 11.0, 6.5, 14.5, 9.5, 14.0, 11.0, 10.5, 9.5, -1.0, 12.5, 10.0, 15.0], [11.5, 16.5, 11.5, 7.0, 11.0, 16.5, 13.0, 12.5, 15.0, 14.5, 16.0, 12.5, -1.0, 14.5, 9.0], [13.5, 16.5, 10.0, 13.0, 7.5, 12.0, 8.5, 15.5, 12.5, 12.5, 20.0, 10.0, 14.5, -1.0, 15.0], [12.5, 15.0, 13.0, 18.0, 10.5, 14.0, 15.5, 11.5, 15.0, 12.0, 15.0, 15.0, 9.0, 15.0, -1.0]]}"
