[[-1.  29.  37.  21.5 29.5 35. ]
 [29.  -1.  42.5 17.  30.5 19.5]
 [37.  42.5 -1.  46.  28.5 29. ]
 [21.5 17.  46.  -1.  28.5 37. ]
 [29.5 30.5 28.5 28.5 -1.  18.5]
 [35.  19.5 29.  37.  18.5 -1. ]]
Best solution took 720/269 steps -> (2, 1, 0, 5, 3, 4) -> 14141.25
Best solution from 100 iterations took 90 steps -> [1, 5, 0, 2, 4, 3] -> 14263.75
[[-1.  26.5 26.  25.5 19.  25.5]
 [26.5 -1.  17.5 21.  20.  23.5]
 [26.  17.5 -1.  13.5 26.  10. ]
 [25.5 21.  13.5 -1.  23.5 32.5]
 [19.  20.  26.  23.5 -1.  38.5]
 [25.5 23.5 10.  32.5 38.5 -1. ]]
Best solution took 720/410 steps -> (3, 2, 0, 1, 5, 4) -> 11149.25
Best solution from 100 iterations took 34 steps -> [3, 5, 1, 0, 4, 2] -> 11207.25
[[-1.  44.  35.  14.  27.5 29.5]
 [44.  -1.  25.  30.  25.  20. ]
 [35.  25.  -1.  27.5 24.5 24. ]
 [14.  30.  27.5 -1.  25.  40.5]
 [27.5 25.  24.5 25.  -1.  13. ]
 [29.5 20.  24.  40.5 13.  -1. ]]
Best solution took 720/297 steps -> (2, 3, 1, 4, 0, 5) -> 12475.0
Best solution from 100 iterations took 32 steps -> [4, 1, 2, 5, 3, 0] -> 12621.0
[[-1.  30.  32.  27.  43.5 20.5]
 [30.  -1.  12.5 15.  37.5 36. ]
 [32.  12.5 -1.  28.  31.5 22. ]
 [27.  15.  28.  -1.  20.  26. ]
 [43.5 37.5 31.5 20.  -1.  46. ]
 [20.5 36.  22.  26.  46.  -1. ]]
Best solution took 720/194 steps -> (1, 4, 0, 2, 5, 3) -> 13919.5
Best solution from 100 iterations took 57 steps -> [0, 3, 2, 1, 5, 4] -> 13938.0
[[-1.  33.  28.5 31.5 24.5 32.5]
 [33.  -1.  23.5 31.  32.  40. ]
 [28.5 23.5 -1.  19.  20.  27.5]
 [31.5 31.  19.  -1.  47.5 45. ]
 [24.5 32.  20.  47.5 -1.  28.5]
 [32.5 40.  27.5 45.  28.5 -1. ]]
Best solution took 720/490 steps -> (4, 0, 2, 3, 5, 1) -> 15790.5
Best solution from 100 iterations took 64 steps -> [2, 5, 3, 4, 1, 0] -> 15805.5
[[-1.  36.5  7.  27.  33.  14. ]
 [36.5 -1.  26.  42.5 30.5 31. ]
 [ 7.  26.  -1.  17.  21.  32.5]
 [27.  42.5 17.  -1.  26.5 21. ]
 [33.  30.5 21.  26.5 -1.  16.5]
 [14.  31.  32.5 21.  16.5 -1. ]]
Best solution took 720/84 steps -> (0, 4, 2, 5, 3, 1) -> 12095.25
Best solution from 100 iterations took 80 steps -> [3, 0, 4, 5, 2, 1] -> 12095.25
[[-1.  39.5 17.5 16.5 35.5 35. ]
 [39.5 -1.  27.  24.  10.5 20. ]
 [17.5 27.  -1.  25.5 34.  26.5]
 [16.5 24.  25.5 -1.  30.5 41.5]
 [35.5 10.5 34.  30.5 -1.  16. ]
 [35.  20.  26.5 41.5 16.  -1. ]]
Best solution took 720/15 steps -> (0, 1, 4, 3, 2, 5) -> 13011.75
Best solution from 100 iterations took 65 steps -> [3, 2, 4, 0, 1, 5] -> 13050.25
[[-1.  28.5  9.5 13.5 33.5 21.5]
 [28.5 -1.  34.  22.5 35.5 47. ]
 [ 9.5 34.  -1.  22.  19.5 22. ]
 [13.5 22.5 22.  -1.  15.5 43. ]
 [33.5 35.5 19.5 15.5 -1.  25.5]
 [21.5 47.  22.  43.  25.5 -1. ]]
Best solution took 720/151 steps -> (1, 2, 3, 0, 4, 5) -> 12017.5
Best solution from 100 iterations took 76 steps -> [3, 1, 5, 0, 2, 4] -> 12023.0
[[-1.  21.  35.  41.  48.  22. ]
 [21.  -1.  29.5 29.  28.  21. ]
 [35.  29.5 -1.  30.5 33.  42.5]
 [41.  29.  30.5 -1.  33.5  8.5]
 [48.  28.  33.  33.5 -1.  27.5]
 [22.  21.  42.5  8.5 27.5 -1. ]]
Best solution took 720/49 steps -> (0, 3, 1, 2, 4, 5) -> 14166.75
Best solution from 100 iterations took 50 steps -> [4, 0, 1, 5, 3, 2] -> 14172.25
[[-1.  24.  38.5 18.5 25.  34.5]
 [24.  -1.  43.  26.  31.5 41. ]
 [38.5 43.  -1.  12.  26.  27.5]
 [18.5 26.  12.  -1.  16.  26. ]
 [25.  31.5 26.  16.  -1.  26. ]
 [34.5 41.  27.5 26.  26.  -1. ]]
Best solution took 720/74 steps -> (0, 4, 1, 2, 5, 3) -> 13915.0
Best solution from 100 iterations took 0 steps -> [5, 4, 0, 1, 2, 3] -> 13962.5
[[-1.  33.  16.5 12.5 23.  21. ]
 [33.  -1.  37.5 36.5 29.  41. ]
 [16.5 37.5 -1.  38.5 30.5 36. ]
 [12.5 36.5 38.5 -1.  34.  32.5]
 [23.  29.  30.5 34.  -1.  29. ]
 [21.  41.  36.  32.5 29.  -1. ]]
Best solution took 720/542 steps -> (4, 2, 3, 0, 5, 1) -> 13168.5
Best solution from 100 iterations took 69 steps -> [5, 3, 1, 4, 2, 0] -> 13226.0
[[-1.  27.  19.  17.  28.  31.5]
 [27.  -1.  39.5 17.5 20.5 31. ]
 [19.  39.5 -1.  40.5 45.   9. ]
 [17.  17.5 40.5 -1.  15.  21.5]
 [28.  20.5 45.  15.  -1.  31.5]
 [31.5 31.   9.  21.5 31.5 -1. ]]
Best solution took 720/195 steps -> (1, 4, 0, 3, 2, 5) -> 12312.5
Best solution from 100 iterations took 53 steps -> [3, 1, 2, 4, 5, 0] -> 12370.0
[[-1.  20.5 20.  44.  42.5 29. ]
 [20.5 -1.  26.  16.  46.5 34.5]
 [20.  26.  -1.  27.5 23.5 26. ]
 [44.  16.  27.5 -1.  10.  13. ]
 [42.5 46.5 23.5 10.  -1.  24.5]
 [29.  34.5 26.  13.  24.5 -1. ]]
Best solution took 720/47 steps -> (0, 2, 5, 4, 1, 3) -> 14210.25
Best solution from 100 iterations took 46 steps -> [4, 5, 3, 1, 2, 0] -> 14243.25
[[-1.  25.  44.  35.5 29.5 18. ]
 [25.  -1.  34.  22.5 48.  20.5]
 [44.  34.  -1.  16.  11.  38. ]
 [35.5 22.5 16.  -1.   8.  42.5]
 [29.5 48.  11.   8.  -1.  30. ]
 [18.  20.5 38.  42.5 30.  -1. ]]
Best solution took 720/288 steps -> (2, 1, 5, 4, 3, 0) -> 12959.25
Best solution from 100 iterations took 15 steps -> [1, 0, 4, 2, 5, 3] -> 13053.25
[[-1.  31.5 33.5 42.  28.  19. ]
 [31.5 -1.  38.5 19.  19.  22.5]
 [33.5 38.5 -1.  36.  44.5 30. ]
 [42.  19.  36.  -1.  33.5 24.5]
 [28.  19.  44.5 33.5 -1.  15.5]
 [19.  22.5 30.  24.5 15.5 -1. ]]
Best solution took 720/78 steps -> (0, 4, 1, 5, 3, 2) -> 14542.5
Best solution from 100 iterations took 89 steps -> [5, 2, 1, 3, 0, 4] -> 14569.0
[[-1.  24.  21.  31.  30.5 20. ]
 [24.  -1.  25.5 33.5 40.  15.5]
 [21.  25.5 -1.  26.  38.  14.5]
 [31.  33.5 26.  -1.  42.  31.5]
 [30.5 40.  38.  42.  -1.  27.5]
 [20.  15.5 14.5 31.5 27.5 -1. ]]
Best solution took 720/345 steps -> (2, 5, 1, 3, 0, 4) -> 11311.75
Best solution from 100 iterations took 22 steps -> [0, 4, 5, 1, 2, 3] -> 11433.75
[[-1.  25.  10.5 21.  36.  44. ]
 [25.  -1.  28.5 25.5 16.5 12. ]
 [10.5 28.5 -1.  34.5 34.  14. ]
 [21.  25.5 34.5 -1.  18.  27.5]
 [36.  16.5 34.  18.  -1.  35. ]
 [44.  12.  14.  27.5 35.  -1. ]]
Best solution took 720/120 steps -> (0, 5, 4, 3, 2, 1) -> 10916.25
Best solution from 100 iterations took 9 steps -> [4, 5, 2, 0, 3, 1] -> 10916.25
[[-1.   8.  33.5 29.  34.  35.5]
 [ 8.  -1.  41.  29.  39.  23.5]
 [33.5 41.  -1.  30.5 25.  18.5]
 [29.  29.  30.5 -1.  25.  22. ]
 [34.  39.  25.  25.  -1.  31. ]
 [35.5 23.5 18.5 22.  31.  -1. ]]
Best solution took 720/212 steps -> (1, 4, 5, 0, 3, 2) -> 12298.0
Best solution from 100 iterations took 55 steps -> [1, 5, 0, 3, 4, 2] -> 12298.0
[[-1.  11.  25.  22.5 40.  18. ]
 [11.  -1.  27.5 17.5 15.  23. ]
 [25.  27.5 -1.  36.  22.  26. ]
 [22.5 17.5 36.  -1.  34.  24. ]
 [40.  15.  22.  34.  -1.  22.5]
 [18.  23.  26.  24.  22.5 -1. ]]
Best solution took 720/162 steps -> (1, 2, 4, 5, 3, 0) -> 11959.25
Best solution from 100 iterations took 13 steps -> [4, 2, 3, 0, 1, 5] -> 12005.75
[[-1.  44.5 24.  31.  35.5 24. ]
 [44.5 -1.  22.5 24.5 35.  28. ]
 [24.  22.5 -1.  37.5 22.5 27. ]
 [31.  24.5 37.5 -1.  24.  21.5]
 [35.5 35.  22.5 24.  -1.  29. ]
 [24.  28.  27.  21.5 29.  -1. ]]
Best solution took 720/58 steps -> (0, 3, 2, 4, 5, 1) -> 11886.75
Best solution from 100 iterations took 75 steps -> [2, 4, 0, 1, 5, 3] -> 11906.75
[[-1.  44.5 47.5 22.  49.5 20. ]
 [44.5 -1.  47.  30.  41.  13.5]
 [47.5 47.  -1.  36.5 10.  25. ]
 [22.  30.  36.5 -1.  25.5 16. ]
 [49.5 41.  10.  25.5 -1.  29. ]
 [20.  13.5 25.  16.  29.  -1. ]]
Best solution took 720/142 steps -> (1, 0, 5, 3, 4, 2) -> 14168.25
Best solution from 100 iterations took 6 steps -> [5, 0, 2, 1, 4, 3] -> 14208.25
[[-1.  39.  45.  44.5 30.5 32. ]
 [39.  -1.  28.5 50.  34.  32. ]
 [45.  28.5 -1.  23.  20.5 32. ]
 [44.5 50.  23.  -1.  36.5 31.5]
 [30.5 34.  20.5 36.5 -1.  46.5]
 [32.  32.  32.  31.5 46.5 -1. ]]
Best solution took 720/195 steps -> (1, 4, 0, 3, 2, 5) -> 15479.25
Best solution from 100 iterations took 55 steps -> [1, 2, 4, 0, 5, 3] -> 15545.75
[[-1.  23.5 36.5 28.5 40.5 17. ]
 [23.5 -1.  11.  24.   9.5 29.5]
 [36.5 11.  -1.  10.   9.5 46. ]
 [28.5 24.  10.  -1.  29.  34.5]
 [40.5  9.5  9.5 29.  -1.  29. ]
 [17.  29.5 46.  34.5 29.  -1. ]]
Best solution took 720/145 steps -> (1, 2, 0, 3, 4, 5) -> 12692.25
Best solution from 100 iterations took 65 steps -> [3, 4, 5, 0, 1, 2] -> 12714.25
[[-1.   6.5 26.5 30.5 43.5 22.5]
 [ 6.5 -1.  31.5 40.5 35.5 17. ]
 [26.5 31.5 -1.  37.5 29.5 13. ]
 [30.5 40.5 37.5 -1.  28.   6.5]
 [43.5 35.5 29.5 28.  -1.  20.5]
 [22.5 17.  13.   6.5 20.5 -1. ]]
Best solution took 720/458 steps -> (3, 5, 0, 1, 4, 2) -> 12327.75
Best solution from 100 iterations took 9 steps -> [4, 0, 3, 2, 5, 1] -> 12327.75
[[-1.  29.  13.  26.5 24.  21. ]
 [29.  -1.  29.  20.  31.  30. ]
 [13.  29.  -1.  30.5 38.  15. ]
 [26.5 20.  30.5 -1.  30.  26. ]
 [24.  31.  38.  30.  -1.  44.5]
 [21.  30.  15.  26.  44.5 -1. ]]
Best solution took 720/446 steps -> (3, 4, 2, 0, 5, 1) -> 11179.5
Best solution from 100 iterations took 20 steps -> [4, 0, 2, 1, 5, 3] -> 11194.5
[[-1.  44.  27.  32.  34.  37. ]
 [44.  -1.  11.  34.5 31.  35.5]
 [27.  11.  -1.  24.  34.  36. ]
 [32.  34.5 24.  -1.  21.5 27. ]
 [34.  31.  34.  21.5 -1.  32. ]
 [37.  35.5 36.  27.  32.  -1. ]]
Best solution took 720/368 steps -> (3, 0, 2, 1, 5, 4) -> 15717.75
Best solution from 100 iterations took 46 steps -> [4, 2, 1, 0, 3, 5] -> 15717.75
[[-1.  23.  25.   8.5 39.  35. ]
 [23.  -1.  35.5 50.  37.5 28. ]
 [25.  35.5 -1.  41.5 24.  18. ]
 [ 8.5 50.  41.5 -1.  33.  25.5]
 [39.  37.5 24.  33.  -1.  27.5]
 [35.  28.  18.  25.5 27.5 -1. ]]
Best solution took 720/254 steps -> (2, 0, 4, 1, 5, 3) -> 13705.75
Best solution from 100 iterations took 62 steps -> [3, 1, 2, 5, 0, 4] -> 13705.75
[[-1.  37.5 30.5 36.  29.5 11. ]
 [37.5 -1.  11.5 25.  28.  14. ]
 [30.5 11.5 -1.  28.  29.  18.5]
 [36.  25.  28.  -1.  41.5  7.5]
 [29.5 28.  29.  41.5 -1.  13. ]
 [11.  14.  18.5  7.5 13.  -1. ]]
Best solution took 720/67 steps -> (0, 3, 5, 1, 2, 4) -> 10564.5
Best solution from 100 iterations took 94 steps -> [0, 2, 5, 1, 3, 4] -> 10564.5
[[-1.  26.5 45.  17.  24.5 46. ]
 [26.5 -1.  30.5 46.  42.5 39. ]
 [45.  30.5 -1.  17.  48.5 30.5]
 [17.  46.  17.  -1.  47.  14.5]
 [24.5 42.5 48.5 47.  -1.  18.5]
 [46.  39.  30.5 14.5 18.5 -1. ]]
Best solution took 720/76 steps -> (0, 4, 1, 3, 5, 2) -> 16809.25
Best solution from 100 iterations took 96 steps -> [2, 1, 5, 3, 4, 0] -> 16873.25
[[-1.  21.5 33.  17.5 13.  42. ]
 [21.5 -1.  43.5 12.  23.5 35. ]
 [33.  43.5 -1.  48.5 45.  30. ]
 [17.5 12.  48.5 -1.  44.  30.5]
 [13.  23.5 45.  44.  -1.  35. ]
 [42.  35.  30.  30.5 35.  -1. ]]
Best solution took 720/398 steps -> (3, 1, 4, 0, 5, 2) -> 13897.25
Best solution from 100 iterations took 8 steps -> [0, 5, 3, 4, 1, 2] -> 13988.25
[[-1.  28.  46.  28.  23.  44. ]
 [28.  -1.  32.  21.5 34.  24. ]
 [46.  32.  -1.  36.  21.  34.5]
 [28.  21.5 36.  -1.  22.5 26. ]
 [23.  34.  21.  22.5 -1.  19.5]
 [44.  24.  34.5 26.  19.5 -1. ]]
Best solution took 720/261 steps -> (2, 0, 5, 3, 1, 4) -> 13849.5
Best solution from 100 iterations took 53 steps -> [0, 3, 4, 1, 2, 5] -> 13849.5
[[-1.  38.  24.  37.  25.5 28. ]
 [38.  -1.  33.5 15.  22.  41.5]
 [24.  33.5 -1.  20.  14.5 47. ]
 [37.  15.  20.  -1.  39.  28.5]
 [25.5 22.  14.5 39.  -1.  26.5]
 [28.  41.5 47.  28.5 26.5 -1. ]]
Best solution took 720/386 steps -> (3, 1, 0, 2, 5, 4) -> 14124.0
Best solution from 100 iterations took 17 steps -> [3, 4, 0, 2, 1, 5] -> 14133.5
[[-1.  19.5 34.5 20.  22.5 15. ]
 [19.5 -1.  14.5 15.   9.  35. ]
 [34.5 14.5 -1.  38.5 20.5  9.5]
 [20.  15.  38.5 -1.  34.  28. ]
 [22.5  9.  20.5 34.  -1.  33.5]
 [15.  35.   9.5 28.  33.5 -1. ]]
Best solution took 720/458 steps -> (3, 5, 0, 1, 4, 2) -> 9223.75
Best solution from 100 iterations took 5 steps -> [4, 3, 5, 1, 0, 2] -> 9223.75
[[-1.  26.  38.  44.5 16.  22.5]
 [26.  -1.  29.5 28.  30.5 32.5]
 [38.  29.5 -1.  23.  35.  40.5]
 [44.5 28.  23.  -1.  23.5 16. ]
 [16.  30.5 35.  23.5 -1.  15. ]
 [22.5 32.5 40.5 16.  15.  -1. ]]
Best solution took 720/120 steps -> (0, 5, 4, 3, 2, 1) -> 15433.75
Best solution from 100 iterations took 26 steps -> [3, 1, 0, 4, 2, 5] -> 15446.25
[[-1.  28.  29.  29.  17.  19.5]
 [28.  -1.  17.5 17.5 19.  45. ]
 [29.  17.5 -1.  32.5 24.  30.5]
 [29.  17.5 32.5 -1.  26.  17. ]
 [17.  19.  24.  26.  -1.  22. ]
 [19.5 45.  30.5 17.  22.  -1. ]]
Best solution took 720/177 steps -> (1, 3, 2, 4, 0, 5) -> 11359.25
Best solution from 100 iterations took 46 steps -> [5, 3, 0, 2, 4, 1] -> 11376.75
[[-1.  20.5 32.5 23.  24.  29.5]
 [20.5 -1.  36.5 18.5 28.5 16.5]
 [32.5 36.5 -1.  32.5 17.5 38. ]
 [23.  18.5 32.5 -1.  21.5 33. ]
 [24.  28.5 17.5 21.5 -1.  16. ]
 [29.5 16.5 38.  33.  16.  -1. ]]
Best solution took 720/116 steps -> (0, 5, 4, 1, 3, 2) -> 12158.5
Best solution from 100 iterations took 26 steps -> [1, 4, 2, 0, 5, 3] -> 12158.5
[[-1.  30.5 24.  13.5 36.5 38. ]
 [30.5 -1.  20.  16.5 32.  22. ]
 [24.  20.  -1.  44.  19.5  6. ]
 [13.5 16.5 44.  -1.  21.5 32. ]
 [36.5 32.  19.5 21.5 -1.  19. ]
 [38.  22.   6.  32.  19.  -1. ]]
Best solution took 720/184 steps -> (1, 3, 4, 2, 5, 0) -> 12219.25
Best solution from 100 iterations took 48 steps -> [1, 0, 4, 5, 2, 3] -> 12260.75
[[-1.  37.5 31.  46.5 27.  22. ]
 [37.5 -1.  43.  42.5 33.  36. ]
 [31.  43.  -1.  23.5 26.5 23. ]
 [46.5 42.5 23.5 -1.  13.  31.5]
 [27.  33.  26.5 13.  -1.  43. ]
 [22.  36.  23.  31.5 43.  -1. ]]
Best solution took 720/192 steps -> (1, 3, 5, 4, 2, 0) -> 16162.25
Best solution from 100 iterations took 3 steps -> [4, 3, 2, 0, 1, 5] -> 16162.25
[[-1.  14.  21.  36.5 28.   7. ]
 [14.  -1.  24.  19.  41.5 22. ]
 [21.  24.  -1.  15.  21.  30.5]
 [36.5 19.  15.  -1.  31.5 28. ]
 [28.  41.5 21.  31.5 -1.  37.5]
 [ 7.  22.  30.5 28.  37.5 -1. ]]
Best solution took 720/314 steps -> (2, 4, 0, 1, 5, 3) -> 12638.5
Best solution from 100 iterations took 10 steps -> [0, 3, 4, 5, 1, 2] -> 12638.5
[[-1.  31.  13.5 29.5 34.  26.5]
 [31.  -1.  21.5 21.5 39.  36. ]
 [13.5 21.5 -1.  39.  15.5 26. ]
 [29.5 21.5 39.  -1.  46.  33.5]
 [34.  39.  15.5 46.  -1.  14.5]
 [26.5 36.  26.  33.5 14.5 -1. ]]
Best solution took 720/56 steps -> (0, 3, 2, 1, 5, 4) -> 12886.75
Best solution from 100 iterations took 0 steps -> [0, 2, 4, 1, 3, 5] -> 13053.25
[[-1.  43.5 31.  44.  45.  17. ]
 [43.5 -1.  37.  31.  36.  17.5]
 [31.  37.  -1.  20.  38.  28. ]
 [44.  31.  20.  -1.  12.5 29. ]
 [45.  36.  38.  12.5 -1.  43. ]
 [17.  17.5 28.  29.  43.  -1. ]]
Best solution took 720/74 steps -> (0, 4, 1, 2, 5, 3) -> 16905.5
Best solution from 100 iterations took 31 steps -> [1, 4, 3, 0, 2, 5] -> 16905.5
[[-1.  33.   6.  16.  23.5 24. ]
 [33.  -1.  29.  31.5 37.5 17.5]
 [ 6.  29.  -1.  21.5 10.  16.5]
 [16.  31.5 21.5 -1.  35.  31.5]
 [23.5 37.5 10.  35.  -1.  19.5]
 [24.  17.5 16.5 31.5 19.5 -1. ]]
Best solution took 720/221 steps -> (1, 5, 0, 4, 2, 3) -> 9851.0
Best solution from 100 iterations took 31 steps -> [5, 1, 2, 3, 4, 0] -> 9851.0
[[-1.  45.5 27.5 27.  35.5 21. ]
 [45.5 -1.  25.5 30.  35.  34.5]
 [27.5 25.5 -1.  22.  38.5 34.5]
 [27.  30.  22.  -1.  21.  41.5]
 [35.5 35.  38.5 21.  -1.  47. ]
 [21.  34.5 34.5 41.5 47.  -1. ]]
Best solution took 720/139 steps -> (1, 0, 5, 2, 3, 4) -> 13578.75
Best solution from 100 iterations took 25 steps -> [3, 2, 4, 0, 5, 1] -> 13594.75
[[-1.   7.5 26.  30.5 14.  45.5]
 [ 7.5 -1.  26.  36.5 25.5 34. ]
 [26.  26.  -1.  21.  35.  37.5]
 [30.5 36.5 21.  -1.  28.5 25. ]
 [14.  25.5 35.  28.5 -1.  27. ]
 [45.5 34.  37.5 25.  27.  -1. ]]
Best solution took 720/53 steps -> (0, 3, 1, 5, 2, 4) -> 12632.0
Best solution from 100 iterations took 97 steps -> [5, 3, 0, 2, 1, 4] -> 12637.5
[[-1.  31.5 31.5 26.5 33.  31. ]
 [31.5 -1.  42.  15.5 48.  27. ]
 [31.5 42.  -1.  37.5 27.5 29.5]
 [26.5 15.5 37.5 -1.  15.   9.5]
 [33.  48.  27.5 15.  -1.   9.5]
 [31.  27.  29.5  9.5  9.5 -1. ]]
Best solution took 720/138 steps -> (1, 0, 4, 5, 3, 2) -> 12550.75
Best solution from 100 iterations took 26 steps -> [2, 4, 5, 0, 1, 3] -> 12697.75
[[-1.  20.  18.5 21.  38.  24. ]
 [20.  -1.  39.5 28.5 24.  28.5]
 [18.5 39.5 -1.  43.5 30.5 20.5]
 [21.  28.5 43.5 -1.  32.5 29.5]
 [38.  24.  30.5 32.5 -1.  29.5]
 [24.  28.5 20.5 29.5 29.5 -1. ]]
Best solution took 720/96 steps -> (0, 4, 5, 3, 2, 1) -> 12749.75
Best solution from 100 iterations took 6 steps -> [3, 2, 4, 1, 0, 5] -> 12749.75
[[-1.  35.  25.5 29.  16.  41. ]
 [35.  -1.  10.5 38.  34.  42.5]
 [25.5 10.5 -1.  27.5 35.  34.5]
 [29.  38.  27.5 -1.  22.5 35.5]
 [16.  34.  35.  22.5 -1.  35.5]
 [41.  42.5 34.5 35.5 35.5 -1. ]]
Best solution took 720/352 steps -> (2, 5, 3, 1, 4, 0) -> 15937.75
Best solution from 100 iterations took 47 steps -> [4, 3, 0, 2, 5, 1] -> 15937.75
[[-1.  33.  18.5 16.  34.  24. ]
 [33.  -1.  18.5 21.5 32.5 48.5]
 [18.5 18.5 -1.  23.  22.5 20.5]
 [16.  21.5 23.  -1.  35.  28. ]
 [34.  32.5 22.5 35.  -1.  29. ]
 [24.  48.5 20.5 28.  29.  -1. ]]
Best solution took 720/128 steps -> (1, 0, 3, 2, 5, 4) -> 12007.0
Best solution from 100 iterations took 52 steps -> [1, 3, 5, 2, 0, 4] -> 12007.0
[[-1.  22.  31.  37.5 28.5 29. ]
 [22.  -1.  14.5 24.  31.5 31.5]
 [31.  14.5 -1.  11.  40.  23.5]
 [37.5 24.  11.  -1.  20.  30. ]
 [28.5 31.5 40.  20.  -1.  33. ]
 [29.  31.5 23.5 30.  33.  -1. ]]
Best solution took 720/520 steps -> (4, 1, 3, 2, 5, 0) -> 14335.5
Best solution from 100 iterations took 61 steps -> [5, 0, 2, 4, 1, 3] -> 14347.5
[[-1.  34.  29.5 25.5 24.  49. ]
 [34.  -1.  36.5 41.  33.  24. ]
 [29.5 36.5 -1.  23.5 35.5 31.5]
 [25.5 41.  23.5 -1.  26.5 28. ]
 [24.  33.  35.5 26.5 -1.  25. ]
 [49.  24.  31.5 28.  25.  -1. ]]
Best solution took 720/266 steps -> (2, 1, 0, 3, 5, 4) -> 17178.5
Best solution from 100 iterations took 92 steps -> [3, 0, 5, 2, 1, 4] -> 17253.5
[[-1.  33.  18.  28.  21.  24.5]
 [33.  -1.  32.  31.   8.5 13. ]
 [18.  32.  -1.  26.  34.5 23. ]
 [28.  31.  26.  -1.  26.5 18. ]
 [21.   8.5 34.5 26.5 -1.  34.5]
 [24.5 13.  23.  18.  34.5 -1. ]]
Best solution took 720/236 steps -> (1, 5, 4, 0, 3, 2) -> 9656.25
Best solution from 100 iterations took 20 steps -> [2, 5, 1, 0, 4, 3] -> 9689.25
[[-1.  15.5 16.  30.5 25.5 29. ]
 [15.5 -1.  21.5 29.  27.5 24. ]
 [16.  21.5 -1.  29.5 28.  28.5]
 [30.5 29.  29.5 -1.  17.5 33.5]
 [25.5 27.5 28.  17.5 -1.  46. ]
 [29.  24.  28.5 33.5 46.  -1. ]]
Best solution took 720/12 steps -> (0, 1, 3, 5, 4, 2) -> 12306.0
Best solution from 100 iterations took 86 steps -> [4, 5, 1, 3, 2, 0] -> 12323.0
[[-1.  20.  29.  34.5 18.  23.5]
 [20.  -1.  28.  27.  36.  10.5]
 [29.  28.  -1.  25.5 36.5 39. ]
 [34.5 27.  25.5 -1.  24.5 20. ]
 [18.  36.  36.5 24.5 -1.  32.5]
 [23.5 10.5 39.  20.  32.5 -1. ]]
Best solution took 720/240 steps -> (1, 5, 4, 3, 2, 0) -> 12936.75
Best solution from 100 iterations took 52 steps -> [1, 5, 2, 3, 0, 4] -> 12950.75
[[-1.  34.  40.  41.5 39.5 23.5]
 [34.  -1.  32.  29.  30.5 27.5]
 [40.  32.  -1.  25.  33.  25. ]
 [41.5 29.  25.  -1.  27.  15.5]
 [39.5 30.5 33.  27.  -1.  26.5]
 [23.5 27.5 25.  15.5 26.5 -1. ]]
Best solution took 720/59 steps -> (0, 3, 2, 5, 1, 4) -> 14397.25
Best solution from 100 iterations took 55 steps -> [1, 5, 0, 3, 2, 4] -> 14516.25
[[-1.  36.  16.5 48.  33.  27. ]
 [36.  -1.  13.5 35.5 42.  21.5]
 [16.5 13.5 -1.  36.  22.  22. ]
 [48.  35.5 36.  -1.  42.5 14.5]
 [33.  42.  22.  42.5 -1.  28. ]
 [27.  21.5 22.  14.5 28.  -1. ]]
Best solution took 720/188 steps -> (1, 3, 5, 0, 4, 2) -> 13135.75
Best solution from 100 iterations took 80 steps -> [0, 1, 2, 3, 5, 4] -> 13304.25
[[-1.  46.  29.5 21.5 21.5 19.5]
 [46.  -1.  19.  39.5 33.5  7.5]
 [29.5 19.  -1.  29.  40.5 30.5]
 [21.5 39.5 29.  -1.  22.  25. ]
 [21.5 33.5 40.5 22.  -1.  35. ]
 [19.5  7.5 30.5 25.  35.  -1. ]]
Best solution took 720/25 steps -> (0, 2, 1, 3, 4, 5) -> 11847.75
Best solution from 100 iterations took 24 steps -> [3, 0, 2, 4, 1, 5] -> 11847.75
[[-1.  28.  43.5 24.5 29.  29. ]
 [28.  -1.  19.5 27.  12.  32.5]
 [43.5 19.5 -1.  19.5 23.  11. ]
 [24.5 27.  19.5 -1.  39.  21.5]
 [29.  12.  23.  39.  -1.  44.5]
 [29.  32.5 11.  21.5 44.5 -1. ]]
Best solution took 720/110 steps -> (0, 5, 3, 1, 4, 2) -> 12506.25
Best solution from 100 iterations took 8 steps -> [5, 3, 0, 2, 1, 4] -> 12541.25
[[-1.  45.5 28.  19.  21.  25.5]
 [45.5 -1.   7.5 37.5  8.5 50. ]
 [28.   7.5 -1.  33.  20.  17.5]
 [19.  37.5 33.  -1.  25.  22.5]
 [21.   8.5 20.  25.  -1.  23. ]
 [25.5 50.  17.5 22.5 23.  -1. ]]
Best solution took 720/370 steps -> (3, 0, 2, 4, 5, 1) -> 12928.5
Best solution from 100 iterations took 47 steps -> [2, 1, 4, 0, 5, 3] -> 12982.5
[[-1.  28.5 45.5 20.5 33.5 24.5]
 [28.5 -1.  32.5 30.  36.  24.5]
 [45.5 32.5 -1.  50.  39.5 24. ]
 [20.5 30.  50.  -1.  23.  28.5]
 [33.5 36.  39.5 23.  -1.  41. ]
 [24.5 24.5 24.  28.5 41.  -1. ]]
Best solution took 720/5 steps -> (0, 1, 2, 5, 3, 4) -> 13276.5
Best solution from 100 iterations took 8 steps -> [4, 3, 2, 5, 0, 1] -> 13299.0
[[-1.  17.5 10.5 36.5 36.5 10. ]
 [17.5 -1.  23.5 21.  25.5 23. ]
 [10.5 23.5 -1.  10.5 11.5 34. ]
 [36.5 21.  10.5 -1.  33.5 16. ]
 [36.5 25.5 11.5 33.5 -1.  13. ]
 [10.  23.  34.  16.  13.  -1. ]]
Best solution took 720/148 steps -> (1, 2, 0, 4, 5, 3) -> 10711.5
Best solution from 100 iterations took 18 steps -> [5, 1, 0, 3, 4, 2] -> 10794.5
[[-1.  28.  39.  27.  25.  30.5]
 [28.  -1.  22.  29.5 19.  17.5]
 [39.  22.  -1.  30.5 38.5 22. ]
 [27.  29.5 30.5 -1.  29.  26. ]
 [25.  19.  38.5 29.  -1.  36. ]
 [30.5 17.5 22.  26.  36.  -1. ]]
Best solution took 720/536 steps -> (4, 2, 1, 0, 5, 3) -> 12342.25
Best solution from 100 iterations took 10 steps -> [3, 5, 0, 2, 1, 4] -> 12369.25
[[-1.  28.  26.  26.  27.5 10. ]
 [28.  -1.  27.  22.  33.5 41. ]
 [26.  27.  -1.  22.  35.5 23.5]
 [26.  22.  22.  -1.  28.5 15. ]
 [27.5 33.5 35.5 28.5 -1.  45.5]
 [10.  41.  23.5 15.  45.5 -1. ]]
Best solution took 720/39 steps -> (0, 2, 4, 3, 1, 5) -> 12221.5
Best solution from 100 iterations took 32 steps -> [3, 4, 0, 1, 2, 5] -> 12254.5
[[-1.  45.5 27.  21.5 39.5 24. ]
 [45.5 -1.  15.  35.  12.5 39. ]
 [27.  15.  -1.  13.  24.5 40. ]
 [21.5 35.  13.  -1.  32.  34. ]
 [39.5 12.5 24.5 32.  -1.  46.5]
 [24.  39.  40.  34.  46.5 -1. ]]
Best solution took 720/178 steps -> (1, 3, 2, 4, 5, 0) -> 14472.0
Best solution from 100 iterations took 38 steps -> [5, 1, 3, 4, 2, 0] -> 14522.0
[[-1.  34.  31.  16.5 17.5 32.5]
 [34.  -1.  44.5 26.  19.  26. ]
 [31.  44.5 -1.  24.5 39.  24. ]
 [16.5 26.  24.5 -1.  20.  32. ]
 [17.5 19.  39.  20.  -1.  17. ]
 [32.5 26.  24.  32.  17.  -1. ]]
Best solution took 720/54 steps -> (0, 3, 1, 5, 4, 2) -> 10973.5
Best solution from 100 iterations took 73 steps -> [0, 3, 5, 4, 1, 2] -> 10990.5
[[-1.  22.5 26.  38.5 35.  47. ]
 [22.5 -1.  19.  22.  16.  32. ]
 [26.  19.  -1.  28.5 24.   7. ]
 [38.5 22.  28.5 -1.  16.  11.5]
 [35.  16.  24.  16.  -1.  30. ]
 [47.  32.   7.  11.5 30.  -1. ]]
Best solution took 720/142 steps -> (1, 0, 5, 3, 4, 2) -> 12415.5
Best solution from 100 iterations took 91 steps -> [1, 0, 3, 2, 5, 4] -> 12459.0
[[-1.  28.5 27.5 29.5 28.5 19. ]
 [28.5 -1.  15.  25.5 25.5 34. ]
 [27.5 15.  -1.  44.5 31.5 36.5]
 [29.5 25.5 44.5 -1.  25.  28.5]
 [28.5 25.5 31.5 25.  -1.  18. ]
 [19.  34.  36.5 28.5 18.  -1. ]]
Best solution took 720/100 steps -> (0, 5, 1, 3, 4, 2) -> 13545.75
Best solution from 100 iterations took 93 steps -> [0, 5, 2, 4, 1, 3] -> 13545.75
[[-1.  43.  19.5 25.  35.5 30. ]
 [43.  -1.  25.  14.  21.  23. ]
 [19.5 25.  -1.  31.5 28.   9.5]
 [25.  14.  31.5 -1.  18.  31. ]
 [35.5 21.  28.  18.  -1.  23. ]
 [30.  23.   9.5 31.  23.  -1. ]]
Best solution took 720/88 steps -> (0, 4, 3, 2, 5, 1) -> 11481.5
Best solution from 100 iterations took 0 steps -> [2, 4, 3, 5, 0, 1] -> 11481.5
[[-1.  10.  33.  28.5 36.  19.5]
 [10.  -1.  33.  33.5 10.5 43. ]
 [33.  33.  -1.  38.  15.5 27. ]
 [28.5 33.5 38.  -1.  19.5 29. ]
 [36.  10.5 15.5 19.5 -1.  39. ]
 [19.5 43.  27.  29.  39.  -1. ]]
Best solution took 720/101 steps -> (0, 5, 1, 4, 2, 3) -> 11511.0
Best solution from 100 iterations took 84 steps -> [2, 3, 1, 5, 4, 0] -> 11532.0
[[-1.   8.  19.5 18.  35.5 36.5]
 [ 8.  -1.  29.  43.5 19.5 34. ]
 [19.5 29.  -1.  44.  16.  28.5]
 [18.  43.5 44.  -1.  31.5 15. ]
 [35.5 19.5 16.  31.5 -1.  33. ]
 [36.5 34.  28.5 15.  33.  -1. ]]
Best solution took 720/51 steps -> (0, 3, 1, 4, 2, 5) -> 12773.25
Best solution from 100 iterations took 9 steps -> [4, 5, 2, 1, 0, 3] -> 12777.75
[[-1.  20.5 29.  31.5 35.  33.5]
 [20.5 -1.  34.  21.  18.5 28.5]
 [29.  34.  -1.  31.5 31.5 21.5]
 [31.5 21.  31.5 -1.  22.  23. ]
 [35.  18.5 31.5 22.  -1.  26.5]
 [33.5 28.5 21.5 23.  26.5 -1. ]]
Best solution took 720/77 steps -> (0, 4, 1, 5, 2, 3) -> 12721.75
Best solution from 100 iterations took 68 steps -> [2, 1, 3, 4, 0, 5] -> 12721.75
[[-1.  40.  36.  30.  37.5 28.5]
 [40.  -1.  29.  30.  15.5 24. ]
 [36.  29.  -1.  20.  46.5 25. ]
 [30.  30.  20.  -1.  20.5 34. ]
 [37.5 15.5 46.5 20.5 -1.  37. ]
 [28.5 24.  25.  34.  37.  -1. ]]
Best solution took 720/249 steps -> (2, 0, 3, 4, 1, 5) -> 15198.75
Best solution from 100 iterations took 16 steps -> [3, 2, 1, 0, 4, 5] -> 15219.25
[[-1.  22.  15.  29.  29.5 39.5]
 [22.  -1.  21.5 20.5 13.5 31. ]
 [15.  21.5 -1.  23.5 29.  25. ]
 [29.  20.5 23.5 -1.  20.5 48. ]
 [29.5 13.5 29.  20.5 -1.  35.5]
 [39.5 31.  25.  48.  35.5 -1. ]]
Best solution took 720/38 steps -> (0, 2, 4, 1, 5, 3) -> 14153.0
Best solution from 100 iterations took 73 steps -> [1, 4, 5, 3, 0, 2] -> 14183.5
[[-1.  30.5 35.5 33.  34.5 38. ]
 [30.5 -1.  37.5 38.  19.5 27. ]
 [35.5 37.5 -1.  38.  14.5 30.5]
 [33.  38.  38.  -1.  18.  18.5]
 [34.5 19.5 14.5 18.  -1.  21.5]
 [38.  27.  30.5 18.5 21.5 -1. ]]
Best solution took 720/68 steps -> (0, 3, 5, 1, 4, 2) -> 13762.75
Best solution from 100 iterations took 14 steps -> [4, 2, 0, 3, 1, 5] -> 13762.75
[[-1.  21.5 26.  23.5 26.  35.5]
 [21.5 -1.  32.5 21.  27.  23.5]
 [26.  32.5 -1.  17.5 40.  36. ]
 [23.5 21.  17.5 -1.  45.5 21.5]
 [26.  27.  40.  45.5 -1.  27.5]
 [35.5 23.5 36.  21.5 27.5 -1. ]]
Best solution took 720/63 steps -> (0, 3, 4, 2, 1, 5) -> 12587.25
Best solution from 100 iterations took 82 steps -> [0, 1, 2, 4, 5, 3] -> 12635.25
[[-1.   8.  10.5 28.  22.  42.5]
 [ 8.  -1.  47.5 25.5 25.5 31.5]
 [10.5 47.5 -1.  25.5 25.5 29. ]
 [28.  25.5 25.5 -1.  37.5 39.5]
 [22.  25.5 25.5 37.5 -1.  16.5]
 [42.5 31.5 29.  39.5 16.5 -1. ]]
Best solution took 720/226 steps -> (1, 5, 2, 3, 4, 0) -> 12595.5
Best solution from 100 iterations took 74 steps -> [3, 1, 0, 5, 4, 2] -> 12661.5
[[-1.  30.5 27.5 21.5 36.  12.5]
 [30.5 -1.  23.5  9.5 45.  15. ]
 [27.5 23.5 -1.  22.5 21.5 33. ]
 [21.5  9.5 22.5 -1.  14.  30.5]
 [36.  45.  21.5 14.  -1.  24.5]
 [12.5 15.  33.  30.5 24.5 -1. ]]
Best solution took 720/160 steps -> (1, 2, 4, 3, 5, 0) -> 10883.25
Best solution from 100 iterations took 55 steps -> [3, 1, 5, 4, 0, 2] -> 10930.25
[[-1.  21.5 23.  22.  32.  17.5]
 [21.5 -1.  31.  27.  29.5 35. ]
 [23.  31.  -1.  24.  39.5 43.5]
 [22.  27.  24.  -1.  16.5 16.5]
 [32.  29.5 39.5 16.5 -1.  23.5]
 [17.5 35.  43.5 16.5 23.5 -1. ]]
Best solution took 720/80 steps -> (0, 4, 2, 1, 5, 3) -> 11689.5
Best solution from 100 iterations took 31 steps -> [5, 0, 1, 2, 4, 3] -> 11707.5
[[-1.  43.5 36.  22.5 41.5 18.5]
 [43.5 -1.  14.5 40.  37.  19. ]
 [36.  14.5 -1.   9.  31.5 30. ]
 [22.5 40.   9.  -1.  29.  26. ]
 [41.5 37.  31.5 29.  -1.  27.5]
 [18.5 19.  30.  26.  27.5 -1. ]]
Best solution took 720/442 steps -> (3, 4, 1, 2, 5, 0) -> 12876.0
Best solution from 100 iterations took 18 steps -> [2, 0, 3, 4, 5, 1] -> 12926.0
[[-1.   9.  19.5 13.5 17.  39. ]
 [ 9.  -1.  36.  34.5 43.5 47. ]
 [19.5 36.  -1.   7.5 12.  26.5]
 [13.5 34.5  7.5 -1.  30.5 36.5]
 [17.  43.5 12.  30.5 -1.  31. ]
 [39.  47.  26.5 36.5 31.  -1. ]]
Best solution took 720/376 steps -> (3, 0, 4, 2, 5, 1) -> 13594.0
Best solution from 100 iterations took 21 steps -> [5, 0, 4, 1, 2, 3] -> 13594.0
[[-1.  45.5 25.5 26.  10.  32.5]
 [45.5 -1.  28.5 27.  29.  35. ]
 [25.5 28.5 -1.  39.5 33.  24.5]
 [26.  27.  39.5 -1.  17.  14.5]
 [10.  29.  33.  17.  -1.  21.5]
 [32.5 35.  24.5 14.5 21.5 -1. ]]
Best solution took 720/258 steps -> (2, 0, 4, 5, 3, 1) -> 12067.25
Best solution from 100 iterations took 8 steps -> [3, 1, 0, 4, 2, 5] -> 12182.25
[[-1.  27.  18.  30.  19.  39.5]
 [27.  -1.  33.5 35.  16.5 36.5]
 [18.  33.5 -1.  38.5 23.  34. ]
 [30.  35.  38.5 -1.  22.5 47. ]
 [19.  16.5 23.  22.5 -1.  13. ]
 [39.5 36.5 34.  47.  13.  -1. ]]
Best solution took 720/316 steps -> (2, 4, 0, 3, 5, 1) -> 12640.5
Best solution from 100 iterations took 75 steps -> [0, 4, 2, 5, 3, 1] -> 12679.5
[[-1.  22.5 11.5 30.  30.  24.5]
 [22.5 -1.  39.5 11.5 34.  34.5]
 [11.5 39.5 -1.  43.  24.  16. ]
 [30.  11.5 43.  -1.  30.5 21. ]
 [30.  34.  24.  30.5 -1.  33. ]
 [24.5 34.5 16.  21.  33.  -1. ]]
Best solution took 720/28 steps -> (0, 2, 1, 4, 5, 3) -> 11557.25
Best solution from 100 iterations took 23 steps -> [0, 3, 4, 5, 1, 2] -> 11558.75
[[-1.  33.5 12.5 43.5 21.5 24.5]
 [33.5 -1.  31.5 26.5 15.  28. ]
 [12.5 31.5 -1.  20.  26.5 30.5]
 [43.5 26.5 20.  -1.  11.5 26.5]
 [21.5 15.  26.5 11.5 -1.  33.5]
 [24.5 28.  30.5 26.5 33.5 -1. ]]
Best solution took 720/95 steps -> (0, 4, 5, 3, 1, 2) -> 12284.5
Best solution from 100 iterations took 58 steps -> [0, 1, 2, 5, 3, 4] -> 12310.5
[[-1.  18.5 23.  37.5 34.5 30.5]
 [18.5 -1.  36.5 23.  28.  27. ]
 [23.  36.5 -1.  23.  29.  17. ]
 [37.5 23.  23.  -1.  22.  25.5]
 [34.5 28.  29.  22.  -1.  40. ]
 [30.5 27.  17.  25.5 40.  -1. ]]
Best solution took 720/52 steps -> (0, 3, 1, 4, 5, 2) -> 13802.75
Best solution from 100 iterations took 79 steps -> [5, 0, 3, 2, 4, 1] -> 13831.75
[[-1.  40.5 26.5 34.  20.5 49. ]
 [40.5 -1.  18.  25.  21.5 25. ]
 [26.5 18.  -1.  20.5 25.  39. ]
 [34.  25.  20.5 -1.  29.5 27.5]
 [20.5 21.5 25.  29.5 -1.  34. ]
 [49.  25.  39.  27.5 34.  -1. ]]
Best solution took 720/39 steps -> (0, 2, 4, 3, 1, 5) -> 13906.0
Best solution from 100 iterations took 71 steps -> [5, 1, 4, 0, 2, 3] -> 13906.0
[[-1.  25.5 29.  26.5 16.5 42.5]
 [25.5 -1.  23.  35.5 40.  41.5]
 [29.  23.  -1.  46.5 31.  24.5]
 [26.5 35.5 46.5 -1.  16.  14.5]
 [16.5 40.  31.  16.  -1.  40.5]
 [42.5 41.5 24.5 14.5 40.5 -1. ]]
Best solution took 720/278 steps -> (2, 1, 4, 0, 5, 3) -> 15576.0
Best solution from 100 iterations took 58 steps -> [3, 5, 0, 4, 2, 1] -> 15690.5
[[-1.  28.5 24.  39.  30.5 23.5]
 [28.5 -1.  34.  20.  21.5 43.5]
 [24.  34.  -1.  30.5 28.  13.5]
 [39.  20.  30.5 -1.  30.5 24.5]
 [30.5 21.5 28.  30.5 -1.  38. ]
 [23.5 43.5 13.5 24.5 38.  -1. ]]
Best solution took 720/27 steps -> (0, 2, 1, 4, 3, 5) -> 13759.75
Best solution from 100 iterations took 23 steps -> [2, 1, 5, 3, 0, 4] -> 13890.25
[[-1.  25.  17.5 19.  24.  26. ]
 [25.  -1.  32.  19.  35.5 22. ]
 [17.5 32.  -1.  14.  20.5 21. ]
 [19.  19.  14.  -1.   9.5 19.5]
 [24.  35.5 20.5  9.5 -1.  29. ]
 [26.  22.  21.  19.5 29.  -1. ]]
Best solution took 720/20 steps -> (0, 1, 5, 2, 4, 3) -> 11051.25
Best solution from 100 iterations took 55 steps -> [0, 3, 4, 1, 2, 5] -> 11051.25
[[-1.  26.5 24.5 23.  20.5 42. ]
 [26.5 -1.  33.  32.  24.5 11.5]
 [24.5 33.  -1.  16.5 43.  13.5]
 [23.  32.  16.5 -1.  21.5 36. ]
 [20.5 24.5 43.  21.5 -1.  47. ]
 [42.  11.5 13.5 36.  47.  -1. ]]
Best solution took 720/271 steps -> (2, 1, 3, 0, 4, 5) -> 11921.75
Best solution from 100 iterations took 54 steps -> [1, 5, 0, 2, 3, 4] -> 12045.75
[[-1.  31.5 36.  29.5 41.  23. ]
 [31.5 -1.  13.  25.  45.  24.5]
 [36.  13.  -1.  12.  39.5 20.5]
 [29.5 25.  12.  -1.  24.5 24. ]
 [41.  45.  39.5 24.5 -1.  38. ]
 [23.  24.5 20.5 24.  38.  -1. ]]
Best solution took 720/48 steps -> (0, 2, 5, 4, 3, 1) -> 15220.5
Best solution from 100 iterations took 37 steps -> [0, 3, 1, 5, 4, 2] -> 15354.0
[[-1.  39.5 26.5 28.  35.5 35. ]
 [39.5 -1.  46.5 40.  27.  20.5]
 [26.5 46.5 -1.  26.  31.  28. ]
 [28.  40.  26.  -1.  19.  48.5]
 [35.5 27.  31.  19.  -1.  21.5]
 [35.  20.5 28.  48.5 21.5 -1. ]]
Best solution took 720/291 steps -> (2, 3, 0, 4, 1, 5) -> 13312.5
Best solution from 100 iterations took 49 steps -> [2, 5, 0, 1, 4, 3] -> 13312.5
[[-1.  34.5 24.5 42.  40.  39.5]
 [34.5 -1.  33.5 20.  30.5 22.5]
 [24.5 33.5 -1.  24.5 26.  12. ]
 [42.  20.  24.5 -1.  38.5 37.5]
 [40.  30.5 26.  38.5 -1.  22. ]
 [39.5 22.5 12.  37.5 22.  -1. ]]
Best solution took 720/231 steps -> (1, 5, 3, 2, 0, 4) -> 14318.75
Best solution from 100 iterations took 16 steps -> [0, 1, 3, 2, 5, 4] -> 14318.75
[[-1.  28.5 34.5  9.  32.  43. ]
 [28.5 -1.  27.  19.5 21.5  7.5]
 [34.5 27.  -1.  46.  18.  14. ]
 [ 9.  19.5 46.  -1.  30.  16.5]
 [32.  21.5 18.  30.  -1.  25. ]
 [43.   7.5 14.  16.5 25.  -1. ]]
Best solution took 720/369 steps -> (3, 0, 2, 4, 1, 5) -> 10972.5
Best solution from 100 iterations took 41 steps -> [4, 2, 0, 5, 3, 1] -> 11053.5
[[-1.  14.5 40.5 32.5 33.5 36. ]
 [14.5 -1.  26.  41.  25.5 29.5]
 [40.5 26.  -1.  45.5 18.  35. ]
 [32.5 41.  45.5 -1.  32.5 29.5]
 [33.5 25.5 18.  32.5 -1.  27. ]
 [36.  29.5 35.  29.5 27.  -1. ]]
Best solution took 720/114 steps -> (0, 5, 3, 4, 2, 1) -> 14397.0
Best solution from 100 iterations took 40 steps -> [3, 4, 0, 2, 1, 5] -> 14430.0
[[-1.  45.  25.  17.5 25.  37. ]
 [45.  -1.  20.5 18.  26.   9.5]
 [25.  20.5 -1.  18.5 17.5 16. ]
 [17.5 18.  18.5 -1.  36.  39. ]
 [25.  26.  17.5 36.  -1.  18. ]
 [37.   9.5 16.  39.  18.  -1. ]]
Best solution took 720/267 steps -> (2, 1, 0, 4, 3, 5) -> 10372.25
Best solution from 100 iterations took 3 steps -> [3, 5, 4, 1, 2, 0] -> 10372.25
[[-1.  42.5 31.  48.5 23.  14.5]
 [42.5 -1.  41.  26.5 24.5 27. ]
 [31.  41.  -1.  20.5 34.  31. ]
 [48.5 26.5 20.5 -1.  27.5 24. ]
 [23.  24.5 34.  27.5 -1.  16.5]
 [14.5 27.  31.  24.  16.5 -1. ]]
Best solution took 720/171 steps -> (1, 3, 0, 4, 2, 5) -> 12766.0
Best solution from 100 iterations took 58 steps -> [4, 2, 3, 1, 0, 5] -> 12817.0
[[-1.  18.  21.  40.5 20.  20. ]
 [18.  -1.  11.5 27.  13.5 43.5]
 [21.  11.5 -1.  27.  24.5 23. ]
 [40.5 27.  27.  -1.  36.  25. ]
 [20.  13.5 24.5 36.  -1.  16. ]
 [20.  43.5 23.  25.  16.  -1. ]]
Best solution took 720/55 steps -> (0, 3, 2, 1, 4, 5) -> 12653.25
Best solution from 100 iterations took 65 steps -> [3, 2, 0, 5, 4, 1] -> 12673.25
[[-1.  42.  24.  38.  31.  21. ]
 [42.  -1.  32.  30.  21.  43.5]
 [24.  32.  -1.  43.  29.5 40.5]
 [38.  30.  43.  -1.  45.5 49. ]
 [31.  21.  29.5 45.5 -1.  25.5]
 [21.  43.5 40.5 49.  25.5 -1. ]]
Best solution took 720/58 steps -> (0, 3, 2, 4, 5, 1) -> 14181.25
Best solution from 100 iterations took 66 steps -> [0, 5, 4, 3, 2, 1] -> 14183.25
[[-1.  16.  32.5 29.  35.5 40.5]
 [16.  -1.  28.  45.5 31.5 17.5]
 [32.5 28.  -1.  46.  26.  23.5]
 [29.  45.5 46.  -1.  31.5 29.5]
 [35.5 31.5 26.  31.5 -1.  20. ]
 [40.5 17.5 23.5 29.5 20.  -1. ]]
Best solution took 720/99 steps -> (0, 5, 1, 3, 2, 4) -> 15513.5
Best solution from 100 iterations took 24 steps -> [2, 1, 0, 4, 3, 5] -> 15651.0
[[-1.  37.5 40.  36.5 35.5 12. ]
 [37.5 -1.  28.  16.  38.  25. ]
 [40.  28.  -1.  13.5 26.5 38. ]
 [36.5 16.  13.5 -1.  38.  15.5]
 [35.5 38.  26.5 38.  -1.  41. ]
 [12.  25.  38.  15.5 41.  -1. ]]
Best solution took 720/393 steps -> (3, 1, 2, 4, 0, 5) -> 13639.0
Best solution from 100 iterations took 28 steps -> [1, 0, 4, 2, 3, 5] -> 13639.0
[[-1.  26.5 19.  36.5 19.  29.5]
 [26.5 -1.  33.  34.5 40.5 32.5]
 [19.  33.  -1.  14.5 17.5 28.5]
 [36.5 34.5 14.5 -1.  19.5 33.5]
 [19.  40.5 17.5 19.5 -1.  17.5]
 [29.5 32.5 28.5 33.5 17.5 -1. ]]
Best solution took 720/58 steps -> (0, 3, 2, 4, 5, 1) -> 13316.75
Best solution from 100 iterations took 85 steps -> [5, 1, 0, 2, 3, 4] -> 13403.75
[[-1.  21.5 35.  12.  23.  18.5]
 [21.5 -1.  22.5 40.  29.5 21. ]
 [35.  22.5 -1.  32.5 15.5 26.5]
 [12.  40.  32.5 -1.  26.5 24.5]
 [23.  29.5 15.5 26.5 -1.  40.5]
 [18.5 21.  26.5 24.5 40.5 -1. ]]
Best solution took 720/183 steps -> (1, 3, 4, 2, 0, 5) -> 11565.5
Best solution from 100 iterations took 45 steps -> [4, 3, 5, 0, 1, 2] -> 11706.5
[[-1.  31.5 41.  27.5 15.   5. ]
 [31.5 -1.  19.5 30.  33.  28.5]
 [41.  19.5 -1.  19.  31.5 33.5]
 [27.5 30.  19.  -1.  14.  31.5]
 [15.  33.  31.5 14.  -1.  14.5]
 [ 5.  28.5 33.5 31.5 14.5 -1. ]]
Best solution took 720/321 steps -> (2, 4, 1, 3, 0, 5) -> 12080.5
Best solution from 100 iterations took 67 steps -> [5, 1, 3, 4, 0, 2] -> 12095.5
[[-1.  30.  41.   8.  30.  27.5]
 [30.  -1.  20.5 16.5 30.5 25.5]
 [41.  20.5 -1.  38.  38.5 25. ]
 [ 8.  16.5 38.  -1.  26.  13.5]
 [30.  30.5 38.5 26.  -1.  25. ]
 [27.5 25.5 25.  13.5 25.  -1. ]]
Best solution took 720/342 steps -> (2, 5, 0, 4, 3, 1) -> 12042.0
Best solution from 100 iterations took 86 steps -> [4, 5, 1, 3, 0, 2] -> 12057.0
[[-1.  39.  31.5 29.  21.5 45.5]
 [39.  -1.  20.  43.  33.  29.5]
 [31.5 20.  -1.  34.  33.5 38.5]
 [29.  43.  34.  -1.  39.5 18.5]
 [21.5 33.  33.5 39.5 -1.  18.5]
 [45.5 29.5 38.5 18.5 18.5 -1. ]]
Best solution took 720/27 steps -> (0, 2, 1, 4, 3, 5) -> 15671.25
Best solution from 100 iterations took 3 steps -> [1, 4, 3, 0, 2, 5] -> 15671.25
[[-1.  35.5  7.  22.5 32.  35.5]
 [35.5 -1.  28.5 28.  19.5 36.5]
 [ 7.  28.5 -1.  11.  23.  35.5]
 [22.5 28.  11.  -1.  15.  43. ]
 [32.  19.5 23.  15.  -1.  42. ]
 [35.5 36.5 35.5 43.  42.  -1. ]]
Best solution took 720/352 steps -> (2, 5, 3, 1, 4, 0) -> 15292.0
Best solution from 100 iterations took 5 steps -> [4, 1, 2, 5, 3, 0] -> 15361.5
[[-1.  31.  24.5 12.5  7.  38. ]
 [31.  -1.  17.  27.  16.5 35. ]
 [24.5 17.  -1.  36.  42.5 17.5]
 [12.5 27.  36.  -1.  24.5 18. ]
 [ 7.  16.5 42.5 24.5 -1.  30.5]
 [38.  35.  17.5 18.  30.5 -1. ]]
Best solution took 720/34 steps -> (0, 2, 3, 4, 5, 1) -> 11626.75
Best solution from 100 iterations took 66 steps -> [2, 0, 1, 4, 3, 5] -> 11654.25
[[-1.  30.5 37.  21.5 18.  23. ]
 [30.5 -1.   6.5 24.5 26.  28. ]
 [37.   6.5 -1.  27.5 22.  30.5]
 [21.5 24.5 27.5 -1.  38.5 19.5]
 [18.  26.  22.  38.5 -1.  43.5]
 [23.  28.  30.5 19.5 43.5 -1. ]]
Best solution took 720/33 steps -> (0, 2, 3, 4, 1, 5) -> 12561.25
Best solution from 100 iterations took 78 steps -> [2, 4, 0, 5, 1, 3] -> 12667.25
[[-1.  33.  31.5 41.5 20.5 32.5]
 [33.  -1.  13.  21.  34.5 21. ]
 [31.5 13.  -1.  29.5 36.  35. ]
 [41.5 21.  29.5 -1.  31.5 49. ]
 [20.5 34.5 36.  31.5 -1.  27. ]
 [32.5 21.  35.  49.  27.  -1. ]]
Best solution took 720/520 steps -> (4, 1, 3, 2, 5, 0) -> 14205.0
Best solution from 100 iterations took 45 steps -> [2, 1, 4, 5, 3, 0] -> 14222.0
[[-1.  28.5 11.5 15.  21.  25. ]
 [28.5 -1.  14.5 36.  28.  23. ]
 [11.5 14.5 -1.  20.  43.  26. ]
 [15.  36.  20.  -1.  38.  29. ]
 [21.  28.  43.  38.  -1.  27. ]
 [25.  23.  26.  29.  27.  -1. ]]
Best solution took 720/254 steps -> (2, 0, 4, 1, 5, 3) -> 12919.5
Best solution from 100 iterations took 24 steps -> [5, 2, 4, 0, 3, 1] -> 12937.5
[[-1.  41.  43.5 33.  13.  33. ]
 [41.  -1.  20.5 31.  23.5 14.5]
 [43.5 20.5 -1.  24.  16.5 19. ]
 [33.  31.  24.  -1.  32.5 15.5]
 [13.  23.5 16.5 32.5 -1.  16. ]
 [33.  14.5 19.  15.5 16.  -1. ]]
Best solution took 720/101 steps -> (0, 5, 1, 4, 2, 3) -> 11486.5
Best solution from 100 iterations took 95 steps -> [2, 4, 3, 1, 0, 5] -> 11512.0
[[-1.  24.   7.5 32.  18.5 20. ]
 [24.  -1.  26.  26.  30.5 35. ]
 [ 7.5 26.  -1.  24.5 32.5 19. ]
 [32.  26.  24.5 -1.  35.5 19.5]
 [18.5 30.5 32.5 35.5 -1.  22.5]
 [20.  35.  19.  19.5 22.5 -1. ]]
Best solution took 720/166 steps -> (1, 2, 5, 3, 4, 0) -> 11505.0
Best solution from 100 iterations took 9 steps -> [1, 4, 0, 2, 5, 3] -> 11520.5
[[-1.  20.5  7.5 30.5 17.  30.5]
 [20.5 -1.  26.  25.  29.  16.5]
 [ 7.5 26.  -1.  15.5 17.  39.5]
 [30.5 25.  15.5 -1.  32.  37. ]
 [17.  29.  17.  32.  -1.  29.5]
 [30.5 16.5 39.5 37.  29.5 -1. ]]
Best solution took 720/350 steps -> (2, 5, 3, 0, 4, 1) -> 10907.25
Best solution from 100 iterations took 64 steps -> [0, 3, 2, 4, 1, 5] -> 10908.25
[[-1.  34.5 27.  20.  45.5 19.5]
 [34.5 -1.  23.5 31.  24.  13. ]
 [27.  23.5 -1.  44.  38.  30.5]
 [20.  31.  44.  -1.  25.  28. ]
 [45.5 24.  38.  25.  -1.  12. ]
 [19.5 13.  30.5 28.  12.  -1. ]]
Best solution took 720/90 steps -> (0, 4, 3, 5, 2, 1) -> 12694.5
Best solution from 100 iterations took 32 steps -> [4, 3, 2, 5, 1, 0] -> 12829.0
[[-1.  10.5 40.5 32.5 44.  37.5]
 [10.5 -1.   7.  23.  31.  37. ]
 [40.5  7.  -1.  43.  49.  28. ]
 [32.5 23.  43.  -1.  27.  18. ]
 [44.  31.  49.  27.  -1.  26.5]
 [37.5 37.  28.  18.  26.5 -1. ]]
Best solution took 720/119 steps -> (0, 5, 4, 3, 1, 2) -> 15566.0
Best solution from 100 iterations took 87 steps -> [5, 3, 4, 2, 0, 1] -> 15708.0
[[-1.  46.  40.  19.5 27.5 42. ]
 [46.  -1.  32.5 18.5 43.  20. ]
 [40.  32.5 -1.  27.  32.  15.5]
 [19.5 18.5 27.  -1.  35.5 18. ]
