[[-1.  31.  19.  30.  19.5 22.  26.  21.5 43.5 42.5 26.5 24.  17.5 40.
  35.  40.  24.  22.5 28.5]
 [31.  -1.  22.5 18.5 49.5 19.  33.  32.  12.5 18.  23.5 15.  14.5 39.
  13.5 37.  17.5 13.  34. ]
 [19.  22.5 -1.   8.5 47.5 43.5 19.5 10.5 30.  24.  17.  38.5 13.5 30.5
  23.5 44.  28.  15.  20.5]
 [30.  18.5  8.5 -1.  14.  37.  11.5 17.   7.5 14.5 49.  33.5 25.5 28.5
  33.  36.5 16.  27.  26.5]
 [19.5 49.5 47.5 14.  -1.  21.  43.  22.  16.5 29.  36.5 27.  31.  26.
  27.  25.  36.5 19.  33.5]
 [22.  19.  43.5 37.  21.  -1.  32.5 28.  18.  42.5 27.5 24.  25.5 21.
  19.  27.5 26.5 18.5 23. ]
 [26.  33.  19.5 11.5 43.  32.5 -1.  23.5 20.  28.  21.  26.  31.5 26.5
  20.5 33.  22.5  5.5 30. ]
 [21.5 32.  10.5 17.  22.  28.  23.5 -1.  32.  16.  13.5 23.5 31.  32.5
  31.5 41.5 26.  26.  17.5]
 [43.5 12.5 30.   7.5 16.5 18.  20.  32.  -1.  25.5 18.5 37.  39.  41.
  45.  30.5 16.  31.5 24.5]
 [42.5 18.  24.  14.5 29.  42.5 28.  16.  25.5 -1.  16.  12.5 30.  24.5
  23.  29.  27.  15.5 34. ]
 [26.5 23.5 17.  49.  36.5 27.5 21.  13.5 18.5 16.  -1.  35.5 23.  18.
  24.5 12.5 29.  30.5 13. ]
 [24.  15.  38.5 33.5 27.  24.  26.  23.5 37.  12.5 35.5 -1.  37.5 24.5
  24.5 20.5 37.5 45.5 29. ]
 [17.5 14.5 13.5 25.5 31.  25.5 31.5 31.  39.  30.  23.  37.5 -1.  32.
  14.5 25.  11.5 23.5 24.5]
 [40.  39.  30.5 28.5 26.  21.  26.5 32.5 41.  24.5 18.  24.5 32.  -1.
  25.  30.5 30.  29.  21.5]
 [35.  13.5 23.5 33.  27.  19.  20.5 31.5 45.  23.  24.5 24.5 14.5 25.
  -1.  33.5 32.  27.5 26. ]
 [40.  37.  44.  36.5 25.  27.5 33.  41.5 30.5 29.  12.5 20.5 25.  30.5
  33.5 -1.  19.5 28.5 28. ]
 [24.  17.5 28.  16.  36.5 26.5 22.5 26.  16.  27.  29.  37.5 11.5 30.
  32.  19.5 -1.  29.  22.5]
 [22.5 13.  15.  27.  19.  18.5  5.5 26.  31.5 15.5 30.5 45.5 23.5 29.
  27.5 28.5 29.  -1.  19.5]
 [28.5 34.  20.5 26.5 33.5 23.  30.  17.5 24.5 34.  13.  29.  24.5 21.5
  26.  28.  22.5 19.5 -1. ]]
Using alogirthm BRUTE_FORCE
improvement
improvement
improvement
BRUTE_FORCE: Best solution from 100 iterations took 32 steps -> (0, 1, 2, 3, 4, 5, 6, 7, 8, 9, 10, 11, 12, 13, 15, 16, 14, 18, 17) -> 805424.5
Using alogirthm RANDOM_PERMUTATION
RANDOM PERM: Best solution from 100 iterations took 0 steps -> [0, 10, 3, 4, 2, 9, 12, 16, 13, 5, 15, 11, 6, 1, 8, 7, 14, 17, 18] -> 849623.0
[[-1.  14.  15.5  7.5 36.5 22.5 28.5 38.5 36.  39.5 27.  22.5 30.  18.5
  35.5 31.5 14.  16.  28. ]
 [14.  -1.  30.  29.5 30.  26.5 18.  24.  11.5 22.5 29.5 46.  25.5 29.
  38.  25.  25.5 22.  16.5]
 [15.5 30.  -1.  26.5 36.5 10.5 22.  37.5 11.5 29.  39.5 17.  24.  36.5
  27.  39.  33.  18.5 10. ]
 [ 7.5 29.5 26.5 -1.  14.  12.5 23.  15.5 28.5 31.  29.5 26.  45.5 26.5
  31.  27.5 38.  26.5 27.5]
 [36.5 30.  36.5 14.  -1.  31.5 27.  34.  32.  25.5 10.  39.  27.5 26.
  26.5 16.5 39.   8.  31.5]
 [22.5 26.5 10.5 12.5 31.5 -1.  32.5 13.5 34.  35.   6.5 30.5 29.  24.
  17.  29.5 25.  19.  42.5]
 [28.5 18.  22.  23.  27.  32.5 -1.  29.  22.5 27.5 27.  31.  28.  30.5
  28.5 24.5 27.5 31.  12.5]
 [38.5 24.  37.5 15.5 34.  13.5 29.  -1.  13.5 50.  25.  18.  20.  44.5
  21.5 33.  21.5 28.  24.5]
 [36.  11.5 11.5 28.5 32.  34.  22.5 13.5 -1.  27.  29.  30.5 20.  25.5
  38.5 29.5 24.5 17.5 41.5]
 [39.5 22.5 29.  31.  25.5 35.  27.5 50.  27.  -1.  20.5 37.5 29.5 47.
  25.  18.  25.5 32.5 33.5]
 [27.  29.5 39.5 29.5 10.   6.5 27.  25.  29.  20.5 -1.  32.5 30.5 20.5
  45.  30.  24.5 39.  47. ]
 [22.5 46.  17.  26.  39.  30.5 31.  18.  30.5 37.5 32.5 -1.  20.5 12.
  30.  28.  44.  40.  27. ]
 [30.  25.5 24.  45.5 27.5 29.  28.  20.  20.  29.5 30.5 20.5 -1.  31.
  44.5 17.5  8.5 30.  48. ]
 [18.5 29.  36.5 26.5 26.  24.  30.5 44.5 25.5 47.  20.5 12.  31.  -1.
  47.  16.5 31.  36.5 47. ]
 [35.5 38.  27.  31.  26.5 17.  28.5 21.5 38.5 25.  45.  30.  44.5 47.
  -1.  17.5 28.5 32.  22.5]
 [31.5 25.  39.  27.5 16.5 29.5 24.5 33.  29.5 18.  30.  28.  17.5 16.5
  17.5 -1.  22.  25.5 36.5]
 [14.  25.5 33.  38.  39.  25.  27.5 21.5 24.5 25.5 24.5 44.   8.5 31.
  28.5 22.  -1.  20.5 14.5]
 [16.  22.  18.5 26.5  8.  19.  31.  28.  17.5 32.5 39.  40.  30.  36.5
  32.  25.5 20.5 -1.  27. ]
 [28.  16.5 10.  27.5 31.5 42.5 12.5 24.5 41.5 33.5 47.  27.  48.  47.
  22.5 36.5 14.5 27.  -1. ]]
Using alogirthm BRUTE_FORCE
improvement
improvement
improvement
improvement
improvement
improvement
improvement
improvement
improvement
improvement
BRUTE_FORCE: Best solution from 100 iterations took 83 steps -> (0, 1, 2, 3, 4, 5, 6, 7, 8, 9, 10, 11, 12, 13, 17, 15, 18, 14, 16) -> 987601.5
Using alogirthm RANDOM_PERMUTATION
RANDOM PERM: Best solution from 100 iterations took 91 steps -> [14, 2, 11, 1, 15, 10, 9, 17, 4, 12, 3, 13, 18, 5, 0, 6, 16, 7, 8] -> 862357.5
[[-1.  30.  26.5 33.  24.5 18.  26.  30.  21.  30.  31.  45.5 25.  27.
  30.5 16.5 31.5 34.5 18.5]
 [30.  -1.  27.5 25.5 33.5 10.  24.  36.  24.5 40.5 27.  19.5 30.  11.5
  35.  11.  23.  29.  24. ]
 [26.5 27.5 -1.  22.5 28.5 10.5 16.  31.  26.5 21.5 18.  23.  20.  21.
  40.  27.5 20.  26.  34.5]
 [33.  25.5 22.5 -1.  35.5 35.  18.  15.  22.5 19.5 19.  25.5 27.5 14.5
  25.5 26.  31.   7.5 20.5]
 [24.5 33.5 28.5 35.5 -1.  26.  20.  37.  22.5 47.5 33.5 31.  15.  18.5
  40.5 43.5 32.5 35.5 23.5]
 [18.  10.  10.5 35.  26.  -1.  23.5 24.  41.  14.5 25.5 22.5 32.5 18.
  24.5  7.5 32.5 11.5 23.5]
 [26.  24.  16.  18.  20.  23.5 -1.  22.5 38.  17.5 16.5 26.5 44.5 27.
  19.  20.5 28.  30.5 35.5]
 [30.  36.  31.  15.  37.  24.  22.5 -1.  17.5 28.5 26.5 31.5 30.5 45.
  24.  32.  32.5 30.5 38. ]
 [21.  24.5 26.5 22.5 22.5 41.  38.  17.5 -1.  27.5 24.5 32.5 33.5 34.5
  23.5 24.5 30.   9.5 22.5]
 [30.  40.5 21.5 19.5 47.5 14.5 17.5 28.5 27.5 -1.  29.  31.   7.5 30.5
  24.  29.5 20.  27.  40. ]
 [31.  27.  18.  19.  33.5 25.5 16.5 26.5 24.5 29.  -1.  17.5 47.  29.
  33.  27.  35.5 27.5 27.5]
 [45.5 19.5 23.  25.5 31.  22.5 26.5 31.5 32.5 31.  17.5 -1.  22.  33.
  22.5 22.  14.5 38.5 26. ]
 [25.  30.  20.  27.5 15.  32.5 44.5 30.5 33.5  7.5 47.  22.  -1.  38.5
  37.5 27.5 42.5 40.5 26. ]
 [27.  11.5 21.  14.5 18.5 18.  27.  45.  34.5 30.5 29.  33.  38.5 -1.
  13.5 30.5 23.  37.  16. ]
 [30.5 35.  40.  25.5 40.5 24.5 19.  24.  23.5 24.  33.  22.5 37.5 13.5
  -1.  30.  42.  47.5 13. ]
 [16.5 11.  27.5 26.  43.5  7.5 20.5 32.  24.5 29.5 27.  22.  27.5 30.5
  30.  -1.  24.5 42.  43.5]
 [31.5 23.  20.  31.  32.5 32.5 28.  32.5 30.  20.  35.5 14.5 42.5 23.
  42.  24.5 -1.  22.  39.5]
 [34.5 29.  26.   7.5 35.5 11.5 30.5 30.5  9.5 27.  27.5 38.5 40.5 37.
  47.5 42.  22.  -1.  24. ]
 [18.5 24.  34.5 20.5 23.5 23.5 35.5 38.  22.5 40.  27.5 26.  26.  16.
  13.  43.5 39.5 24.  -1. ]]
Using alogirthm BRUTE_FORCE
improvement
improvement
improvement
improvement
improvement
improvement
improvement
improvement
improvement
BRUTE_FORCE: Best solution from 100 iterations took 37 steps -> (0, 1, 2, 3, 4, 5, 6, 7, 8, 9, 10, 11, 12, 13, 15, 17, 14, 16, 18) -> 917480.75
Using alogirthm RANDOM_PERMUTATION
RANDOM PERM: Best solution from 100 iterations took 47 steps -> [9, 6, 18, 4, 8, 13, 17, 0, 2, 11, 3, 5, 10, 12, 15, 7, 14, 1, 16] -> 824938.25
[[-1.   6.  36.5 27.5 25.  17.5 10.  17.  26.5 34.  29.  34.   6.5 28.
  32.5 22.  34.5 46.5 39.5]
 [ 6.  -1.  22.5 32.5 34.5 35.  18.  33.  33.  29.5 29.  24.5 27.5 11.
  18.  38.  29.  22.  26.5]
 [36.5 22.5 -1.  36.   9.  25.  46.5 31.5 17.  19.  21.  17.  34.  37.5
  24.  27.  47.5 13.5 15.5]
 [27.5 32.5 36.  -1.  43.  26.5 36.  19.5 22.  26.5 29.5 27.5 20.  39.5
  22.5 27.  25.  36.  21. ]
 [25.  34.5  9.  43.  -1.  25.5 14.  39.  34.  23.  17.5 42.5 17.5 34.
  25.5 26.  31.5 34.  33.5]
 [17.5 35.  25.  26.5 25.5 -1.  23.  40.5 10.5 42.  38.5 36.  11.5 19.
  31.  20.  38.5 31.5 16. ]
 [10.  18.  46.5 36.  14.  23.  -1.  31.5 40.5 20.  30.  32.  25.  23.
  31.  18.  27.5 33.  41. ]
 [17.  33.  31.5 19.5 39.  40.5 31.5 -1.  22.5 37.  24.5 11.  13.5 36.5
  16.5 31.5 36.5 31.5 20.5]
 [26.5 33.  17.  22.  34.  10.5 40.5 22.5 -1.  43.5 46.  24.  27.  22.5
  20.  42.  23.  25.  10. ]
 [34.  29.5 19.  26.5 23.  42.  20.  37.  43.5 -1.  32.5 28.  37.5 31.5
  37.5 24.  27.  36.  36. ]
 [29.  29.  21.  29.5 17.5 38.5 30.  24.5 46.  32.5 -1.  29.  19.5 30.5
  10.  25.  25.  25.  21.5]
 [34.  24.5 17.  27.5 42.5 36.  32.  11.  24.  28.  29.  -1.  25.5 16.5
  24.5 27.  19.  24.5 24. ]
 [ 6.5 27.5 34.  20.  17.5 11.5 25.  13.5 27.  37.5 19.5 25.5 -1.  30.
  25.5 37.  10.  42.  26.5]
 [28.  11.  37.5 39.5 34.  19.  23.  36.5 22.5 31.5 30.5 16.5 30.  -1.
  13.5 26.  15.5 33.5 37.5]
 [32.5 18.  24.  22.5 25.5 31.  31.  16.5 20.  37.5 10.  24.5 25.5 13.5
  -1.  24.5 18.  37.5 28. ]
 [22.  38.  27.  27.  26.  20.  18.  31.5 42.  24.  25.  27.  37.  26.
  24.5 -1.  31.  42.   6. ]
 [34.5 29.  47.5 25.  31.5 38.5 27.5 36.5 23.  27.  25.  19.  10.  15.5
  18.  31.  -1.  19.5 24.5]
 [46.5 22.  13.5 36.  34.  31.5 33.  31.5 25.  36.  25.  24.5 42.  33.5
  37.5 42.  19.5 -1.  26. ]
 [39.5 26.5 15.5 21.  33.5 16.  41.  20.5 10.  36.  21.5 24.  26.5 37.5
  28.   6.  24.5 26.  -1. ]]
Using alogirthm BRUTE_FORCE
improvement
improvement
improvement
improvement
improvement
improvement
improvement
improvement
improvement
improvement
BRUTE_FORCE: Best solution from 100 iterations took 67 steps -> (0, 1, 2, 3, 4, 5, 6, 7, 8, 9, 10, 11, 12, 13, 16, 18, 14, 15, 17) -> 804506.25
Using alogirthm RANDOM_PERMUTATION
RANDOM PERM: Best solution from 100 iterations took 35 steps -> [16, 12, 1, 2, 7, 10, 4, 13, 18, 9, 11, 17, 14, 0, 15, 5, 8, 3, 6] -> 801556.75
[[-1.  40.  35.5 12.5 37.5 34.5 47.5 20.5 26.5 21.5 23.5 26.  24.  32.
  38.   9.5 15.  38.   7.5]
 [40.  -1.  18.  28.  30.5 27.5 23.  45.  21.  26.5 33.5 26.5 30.  28.
  27.5 24.  26.  29.5 29.5]
 [35.5 18.  -1.  19.5 11.5 15.  45.5 14.  41.5 35.  16.5 34.  27.  31.5
  14.  43.  13.  27.  38.5]
 [12.5 28.  19.5 -1.  29.5 41.  32.  29.5 30.  18.5 35.5 29.  24.  40.5
  18.  46.  27.5 38.  30.5]
 [37.5 30.5 11.5 29.5 -1.  16.5 17.  37.  27.5 26.  19.5 35.5 21.5 40.5
  29.5 25.  25.  25.  31. ]
 [34.5 27.5 15.  41.  16.5 -1.  40.5 29.5 31.5 20.  12.5 16.  15.  25.
  41.5 14.  26.5 19.  46. ]
 [47.5 23.  45.5 32.  17.  40.5 -1.   8.  25.  28.5 19.  26.  27.  21.5
  34.  22.5 16.5 40.  46. ]
 [20.5 45.  14.  29.5 37.  29.5  8.  -1.  18.5 28.5 35.  34.  28.   9.5
  32.5 15.  37.  20.  16.5]
 [26.5 21.  41.5 30.  27.5 31.5 25.  18.5 -1.  29.  37.5 17.5 30.5 30.
  27.  35.  34.5 43.5 47. ]
 [21.5 26.5 35.  18.5 26.  20.  28.5 28.5 29.  -1.  15.  22.  14.5 31.5
  31.5 41.  21.5 25.5 25. ]
 [23.5 33.5 16.5 35.5 19.5 12.5 19.  35.  37.5 15.  -1.  26.  18.  39.
  32.  39.5 37.5 28.5 40. ]
 [26.  26.5 34.  29.  35.5 16.  26.  34.  17.5 22.  26.  -1.  28.5 47.
  27.  28.  26.5 33.5 24.5]
 [24.  30.  27.  24.  21.5 15.  27.  28.  30.5 14.5 18.  28.5 -1.  30.5
  34.  23.  18.  24.  26.5]
 [32.  28.  31.5 40.5 40.5 25.  21.5  9.5 30.  31.5 39.  47.  30.5 -1.
  37.5 47.5 23.5 29.  22.5]
 [38.  27.5 14.  18.  29.5 41.5 34.  32.5 27.  31.5 32.  27.  34.  37.5
  -1.  25.  35.5 31.  30. ]
 [ 9.5 24.  43.  46.  25.  14.  22.5 15.  35.  41.  39.5 28.  23.  47.5
  25.  -1.  21.  31.5 27.5]
 [15.  26.  13.  27.5 25.  26.5 16.5 37.  34.5 21.5 37.5 26.5 18.  23.5
  35.5 21.  -1.  15.5 38.5]
 [38.  29.5 27.  38.  25.  19.  40.  20.  43.5 25.5 28.5 33.5 24.  29.
  31.  31.5 15.5 -1.  13.5]
 [ 7.5 29.5 38.5 30.5 31.  46.  46.  16.5 47.  25.  40.  24.5 26.5 22.5
  30.  27.5 38.5 13.5 -1. ]]
Using alogirthm BRUTE_FORCE
improvement
improvement
improvement
improvement
improvement
improvement
BRUTE_FORCE: Best solution from 100 iterations took 18 steps -> (0, 1, 2, 3, 4, 5, 6, 7, 8, 9, 10, 11, 12, 13, 14, 17, 18, 16, 15) -> 943417.75
Using alogirthm RANDOM_PERMUTATION
RANDOM PERM: Best solution from 100 iterations took 18 steps -> [17, 11, 18, 10, 3, 2, 9, 6, 14, 16, 7, 13, 0, 1, 12, 5, 8, 15, 4] -> 868391.75
[[-1.  20.5 20.  21.  25.  18.  46.  30.5 17.5 41.  36.  33.  15.  29.
  16.5 12.  17.5 31.5 19.5]
 [20.5 -1.  24.5 35.  16.5 38.5 28.  15.  25.  35.  27.  33.  25.  32.5
  47.  21.  23.5 15.  36. ]
 [20.  24.5 -1.  17.5 26.  17.  18.  30.   6.5 25.5 32.5 19.  17.5 36.5
  23.  34.5 34.  32.5 16.5]
 [21.  35.  17.5 -1.  27.5 31.  22.  15.   6.  44.  29.  30.5 18.5 13.5
  22.  34.   5.5 27.  30. ]
 [25.  16.5 26.  27.5 -1.  13.  18.  20.5 32.  30.  16.5 42.  20.5 28.5
  17.5 10.5 15.5 16.5 34.5]
 [18.  38.5 17.  31.  13.  -1.  10.  36.  43.5 23.5 26.5 28.5 26.5 36.5
  12.   8.5 25.5 28.5 38.5]
 [46.  28.  18.  22.  18.  10.  -1.  35.5 21.  40.  22.  36.5 23.  36.
  23.  47.5 29.  41.  11. ]
 [30.5 15.  30.  15.  20.5 36.  35.5 -1.  42.  22.  36.5 12.5 24.  24.
  24.  23.  31.  24.5 21.5]
 [17.5 25.   6.5  6.  32.  43.5 21.  42.  -1.  15.5 30.5 27.5 22.5 28.
  34.5 15.  29.  29.  33.5]
 [41.  35.  25.5 44.  30.  23.5 40.  22.  15.5 -1.  23.  17.5 12.  12.
  33.5 26.  29.5 29.  35.5]
 [36.  27.  32.5 29.  16.5 26.5 22.  36.5 30.5 23.  -1.  44.5 16.  10.5
  30.  13.5 49.  41.  24. ]
 [33.  33.  19.  30.5 42.  28.5 36.5 12.5 27.5 17.5 44.5 -1.  26.  30.5
  28.  12.5 38.5 22.  23. ]
 [15.  25.  17.5 18.5 20.5 26.5 23.  24.  22.5 12.  16.  26.  -1.  43.5
  25.  24.  24.5 27.5 11. ]
 [29.  32.5 36.5 13.5 28.5 36.5 36.  24.  28.  12.  10.5 30.5 43.5 -1.
  16.5  7.5 47.5 18.5 25.5]
 [16.5 47.  23.  22.  17.5 12.  23.  24.  34.5 33.5 30.  28.  25.  16.5
  -1.  32.5 34.  35.  25. ]
 [12.  21.  34.5 34.  10.5  8.5 47.5 23.  15.  26.  13.5 12.5 24.   7.5
  32.5 -1.  31.5 30.  26.5]
 [17.5 23.5 34.   5.5 15.5 25.5 29.  31.  29.  29.5 49.  38.5 24.5 47.5
  34.  31.5 -1.  32.  33. ]
 [31.5 15.  32.5 27.  16.5 28.5 41.  24.5 29.  29.  41.  22.  27.5 18.5
  35.  30.  32.  -1.  11.5]
 [19.5 36.  16.5 30.  34.5 38.5 11.  21.5 33.5 35.5 24.  23.  11.  25.5
  25.  26.5 33.  11.5 -1. ]]
Using alogirthm BRUTE_FORCE
improvement
improvement
improvement
improvement
improvement
improvement
improvement
improvement
improvement
improvement
improvement
BRUTE_FORCE: Best solution from 100 iterations took 45 steps -> (0, 1, 2, 3, 4, 5, 6, 7, 8, 9, 10, 11, 12, 13, 15, 18, 16, 14, 17) -> 754874.0
Using alogirthm RANDOM_PERMUTATION
RANDOM PERM: Best solution from 100 iterations took 93 steps -> [18, 1, 5, 9, 2, 17, 10, 16, 11, 14, 15, 12, 13, 4, 7, 8, 6, 0, 3] -> 723279.5
[[-1.  12.5 32.  18.5 23.  14.  30.  39.  25.5 11.  26.  10.  29.  17.5
  18.  31.5 21.5 41.5 17.5]
 [12.5 -1.  40.  35.  19.  17.  25.5 30.5 31.  23.  34.  18.  42.5 25.
  16.  31.5 18.5 19.5 35. ]
 [32.  40.  -1.  21.5 19.5 41.   8.  10.5 24.5 44.  15.5 27.5 28.5 35.
  29.  24.  21.  40.  30. ]
 [18.5 35.  21.5 -1.  21.  26.5 41.  16.  30.5 32.5 40.5 43.  36.  23.5
  30.  28.5 23.5 29.5 24. ]
 [23.  19.  19.5 21.  -1.  29.  10.  19.5 42.5 37.  46.  28.5 43.  16.5
  29.5 37.  34.5 20.  37. ]
 [14.  17.  41.  26.5 29.  -1.  28.5 43.  39.5 28.5 26.5 30.  28.5 24.
  22.5 34.  22.5 27.  31. ]
 [30.  25.5  8.  41.  10.  28.5 -1.  27.  33.  29.5 30.5 24.5 30.5 40.5
  44.5 18.5 16.  19.5 46. ]
 [39.  30.5 10.5 16.  19.5 43.  27.  -1.   9.5 27.  23.  27.  37.5 14.5
  13.  37.5 25.5 27.5 19. ]
 [25.5 31.  24.5 30.5 42.5 39.5 33.   9.5 -1.  35.  18.  18.  14.  34.
  36.  43.  14.  29.  43.5]
 [11.  23.  44.  32.5 37.  28.5 29.5 27.  35.  -1.  50.  24.5 24.  18.
  19.  46.5  7.  33.5 16. ]
 [26.  34.  15.5 40.5 46.  26.5 30.5 23.  18.  50.  -1.  26.5 32.5 24.5
  31.  10.  17.  16.  21. ]
 [10.  18.  27.5 43.  28.5 30.  24.5 27.  18.  24.5 26.5 -1.  37.  26.
  39.5 16.5 18.5 28.  24.5]
 [29.  42.5 28.5 36.  43.  28.5 30.5 37.5 14.  24.  32.5 37.  -1.  33.
  13.  43.5 23.5 19.5 24.5]
 [17.5 25.  35.  23.5 16.5 24.  40.5 14.5 34.  18.  24.5 26.  33.  -1.
  30.5 44.  28.  22.  14. ]
 [18.  16.  29.  30.  29.5 22.5 44.5 13.  36.  19.  31.  39.5 13.  30.5
  -1.  22.5 39.5 31.  24. ]
 [31.5 31.5 24.  28.5 37.  34.  18.5 37.5 43.  46.5 10.  16.5 43.5 44.
  22.5 -1.  19.5 21.  33.5]
 [21.5 18.5 21.  23.5 34.5 22.5 16.  25.5 14.   7.  17.  18.5 23.5 28.
  39.5 19.5 -1.  26.  43. ]
 [41.5 19.5 40.  29.5 20.  27.  19.5 27.5 29.  33.5 16.  28.  19.5 22.
  31.  21.  26.  -1.  43.5]
 [17.5 35.  30.  24.  37.  31.  46.  19.  43.5 16.  21.  24.5 24.5 14.
  24.  33.5 43.  43.5 -1. ]]
Using alogirthm BRUTE_FORCE
improvement
improvement
improvement
improvement
improvement
improvement
improvement
BRUTE_FORCE: Best solution from 100 iterations took 77 steps -> (0, 1, 2, 3, 4, 5, 6, 7, 8, 9, 10, 11, 12, 13, 17, 14, 18, 15, 16) -> 808599.0
Using alogirthm RANDOM_PERMUTATION
RANDOM PERM: Best solution from 100 iterations took 20 steps -> [0, 17, 13, 11, 1, 18, 3, 8, 2, 6, 5, 10, 7, 16, 9, 15, 12, 4, 14] -> 769001.0
[[-1.  36.  22.5 18.5  8.5 31.  41.  28.  29.  30.  26.  24.5 31.  22.
  11.5 38.  27.5 32.  43. ]
 [36.  -1.  30.  24.  36.5 16.  35.  32.5 28.  46.5 14.5 22.5 30.  26.
  22.  35.  26.  40.  24.5]
 [22.5 30.  -1.  12.5 27.5 16.5 28.  17.5 21.  28.  26.5 28.5 40.5 22.5
  29.  12.5 31.  31.5 39. ]
 [18.5 24.  12.5 -1.  32.   8.5 34.  20.5 43.5 40.  34.   8.  29.5 23.
  26.5 29.  28.5 30.5 25. ]
 [ 8.5 36.5 27.5 32.  -1.  33.5 13.  41.  44.  21.5 34.5 27.5 38.5 23.
  10.5 20.5 23.5 45.5 34.5]
 [31.  16.  16.5  8.5 33.5 -1.  32.5 14.  12.  15.5 31.  20.5 32.  21.5
  30.5 30.5 17.5 15.  29.5]
 [41.  35.  28.  34.  13.  32.5 -1.  49.  10.  34.5 25.  22.  38.  37.5
  19.  17.  27.5 26.  18. ]
 [28.  32.5 17.5 20.5 41.  14.  49.  -1.  25.5 28.5  8.  35.  21.  22.5
  18.5 33.5 14.5 30.  31. ]
 [29.  28.  21.  43.5 44.  12.  10.  25.5 -1.  21.5 31.5 27.  20.5 46.
  42.5 25.  29.  23.  29. ]
 [30.  46.5 28.  40.  21.5 15.5 34.5 28.5 21.5 -1.  39.  44.  24.  34.5
  39.5 36.  15.5 29.  31. ]
 [26.  14.5 26.5 34.  34.5 31.  25.   8.  31.5 39.  -1.  37.  31.5 10.5
  18.5 17.  21.  29.  27.5]
 [24.5 22.5 28.5  8.  27.5 20.5 22.  35.  27.  44.  37.  -1.   6.5 25.
  27.5 38.5 16.5 24.  29.5]
 [31.  30.  40.5 29.5 38.5 32.  38.  21.  20.5 24.  31.5  6.5 -1.  31.5
  26.  27.5 12.  21.5 31. ]
 [22.  26.  22.5 23.  23.  21.5 37.5 22.5 46.  34.5 10.5 25.  31.5 -1.
  35.  17.5 40.  39.5 14. ]
 [11.5 22.  29.  26.5 10.5 30.5 19.  18.5 42.5 39.5 18.5 27.5 26.  35.
  -1.  32.5 29.5 13.5 24. ]
 [38.  35.  12.5 29.  20.5 30.5 17.  33.5 25.  36.  17.  38.5 27.5 17.5
  32.5 -1.  32.  42.5 38. ]
 [27.5 26.  31.  28.5 23.5 17.5 27.5 14.5 29.  15.5 21.  16.5 12.  40.
  29.5 32.  -1.   5.5 25.5]
 [32.  40.  31.5 30.5 45.5 15.  26.  30.  23.  29.  29.  24.  21.5 39.5
  13.5 42.5  5.5 -1.  27.5]
 [43.  24.5 39.  25.  34.5 29.5 18.  31.  29.  31.  27.5 29.5 31.  14.
  24.  38.  25.5 27.5 -1. ]]
Using alogirthm BRUTE_FORCE
improvement
improvement
improvement
improvement
improvement
improvement
improvement
BRUTE_FORCE: Best solution from 100 iterations took 59 steps -> (0, 1, 2, 3, 4, 5, 6, 7, 8, 9, 10, 11, 12, 13, 16, 15, 18, 14, 17) -> 918975.75
Using alogirthm RANDOM_PERMUTATION
RANDOM PERM: Best solution from 100 iterations took 49 steps -> [7, 1, 2, 12, 14, 11, 13, 8, 15, 6, 10, 0, 16, 18, 9, 4, 5, 17, 3] -> 895782.25
[[-1.  33.5 21.5 39.  31.  31.  26.  18.  31.5 28.5 39.5 44.5 35.5 19.5
  29.  24.5 24.  25.5 41. ]
 [33.5 -1.  24.5 27.  22.  41.  28.  35.5 45.  22.  33.  19.5 24.  38.5
  42.  31.5 29.  15.  37.5]
 [21.5 24.5 -1.  46.  19.  39.  26.  16.  24.5 13.5 26.5 32.  14.5 33.
  35.5 13.5 17.5 13.5 17.5]
 [39.  27.  46.  -1.  16.5 32.5 23.5 20.5 19.  24.  14.5 12.5 38.5 14.
  32.5 27.5 31.  35.  44.5]
 [31.  22.  19.  16.5 -1.  39.5 26.  40.  11.  29.  34.5 26.5 28.5 27.
  44.  33.  35.5 25.  47. ]
 [31.  41.  39.  32.5 39.5 -1.   8.  22.  29.  28.5 25.  23.  44.  46.5
  28.  40.  15.  19.5 42.5]
 [26.  28.  26.  23.5 26.   8.  -1.  32.5 41.  21.  26.5 12.5 15.  48.5
  12.5 19.  21.  36.5 35. ]
 [18.  35.5 16.  20.5 40.  22.  32.5 -1.  40.  40.  30.  24.5 13.5 25.
  27.  15.  26.  28.5 25.5]
 [31.5 45.  24.5 19.  11.  29.  41.  40.  -1.  31.5 29.5 26.  37.5 35.
  13.  17.  21.5 23.  30.5]
 [28.5 22.  13.5 24.  29.  28.5 21.  40.  31.5 -1.  25.5 19.5 44.  22.5
  28.  22.  21.5 26.5 36. ]
 [39.5 33.  26.5 14.5 34.5 25.  26.5 30.  29.5 25.5 -1.  21.5 23.5 19.
  39.  32.  44.5 34.5 24.5]
 [44.5 19.5 32.  12.5 26.5 23.  12.5 24.5 26.  19.5 21.5 -1.  33.5 15.5
  21.5 27.5 42.  29.  31. ]
 [35.5 24.  14.5 38.5 28.5 44.  15.  13.5 37.5 44.  23.5 33.5 -1.  19.
  10.  25.5 33.  42.  35. ]
 [19.5 38.5 33.  14.  27.  46.5 48.5 25.  35.  22.5 19.  15.5 19.  -1.
  26.5 29.5 32.5 27.  17. ]
 [29.  42.  35.5 32.5 44.  28.  12.5 27.  13.  28.  39.  21.5 10.  26.5
  -1.  10.5 15.  34.5 37.5]
 [24.5 31.5 13.5 27.5 33.  40.  19.  15.  17.  22.  32.  27.5 25.5 29.5
  10.5 -1.  15.5 30.5  9. ]
 [24.  29.  17.5 31.  35.5 15.  21.  26.  21.5 21.5 44.5 42.  33.  32.5
  15.  15.5 -1.  40.  44. ]
 [25.5 15.  13.5 35.  25.  19.5 36.5 28.5 23.  26.5 34.5 29.  42.  27.
  34.5 30.5 40.  -1.  27.5]
 [41.  37.5 17.5 44.5 47.  42.5 35.  25.5 30.5 36.  24.5 31.  35.  17.
  37.5  9.  44.  27.5 -1. ]]
Using alogirthm BRUTE_FORCE
improvement
improvement
improvement
improvement
improvement
improvement
improvement
improvement
improvement
improvement
BRUTE_FORCE: Best solution from 100 iterations took 55 steps -> (0, 1, 2, 3, 4, 5, 6, 7, 8, 9, 10, 11, 12, 13, 16, 15, 14, 17, 18) -> 1001584.75
Using alogirthm RANDOM_PERMUTATION
RANDOM PERM: Best solution from 100 iterations took 62 steps -> [8, 1, 5, 11, 17, 6, 4, 9, 18, 10, 2, 15, 7, 16, 14, 12, 13, 0, 3] -> 903386.25
[[-1.  31.  28.5 28.5 11.  12.5 15.5 32.  23.5 29.5 18.5 38.  49.  30.5
  31.5 20.5 31.5 31.5 30.5]
 [31.  -1.  43.5 19.  25.  44.5 25.  29.5 21.5 39.5 30.  26.5 23.5 22.
  38.  33.5 31.5 16.5 27. ]
 [28.5 43.5 -1.  16.5 18.  31.  39.  14.5 22.  23.  16.5 33.  19.  13.5
  23.  21.  18.5 27.5  8.5]
 [28.5 19.  16.5 -1.  40.  36.  34.5 17.5 20.  22.  17.  35.  28.  35.
  21.  12.  27.5 27.5 26.5]
 [11.  25.  18.  40.  -1.  25.  31.5 17.5 34.  28.5 19.  15.5 22.5 21.
  43.  14.5 23.5 29.  29.5]
 [12.5 44.5 31.  36.  25.  -1.  18.  44.5 30.  30.5 18.5 38.  31.  30.5
  25.  37.5 28.5 32.5 35.5]
 [15.5 25.  39.  34.5 31.5 18.  -1.  12.  30.5 27.  22.  26.  20.  37.5
  15.5 21.  42.5 11.  36.5]
 [32.  29.5 14.5 17.5 17.5 44.5 12.  -1.  39.5 46.5 48.  25.  37.  25.
  22.5 16.  19.  37.  29. ]
 [23.5 21.5 22.  20.  34.  30.  30.5 39.5 -1.  26.5 28.  35.5 33.  45.
  15.5 24.5 35.  25.  24.5]
 [29.5 39.5 23.  22.  28.5 30.5 27.  46.5 26.5 -1.  44.5 11.5 39.  31.
  38.  30.5 25.5 20.  21.5]
 [18.5 30.  16.5 17.  19.  18.5 22.  48.  28.  44.5 -1.  27.5 29.  26.5
   6.5 12.  40.  27.  22.5]
 [38.  26.5 33.  35.  15.5 38.  26.  25.  35.5 11.5 27.5 -1.  35.  34.5
   7.  32.  23.  24.5  6.5]
 [49.  23.5 19.  28.  22.5 31.  20.  37.  33.  39.  29.  35.  -1.  44.
  27.5 22.5 29.  30.  44.5]
 [30.5 22.  13.5 35.  21.  30.5 37.5 25.  45.  31.  26.5 34.5 44.  -1.
   8.5 15.5 39.  39.5 13.5]
 [31.5 38.  23.  21.  43.  25.  15.5 22.5 15.5 38.   6.5  7.  27.5  8.5
  -1.  21.5 27.  30.5 23. ]
 [20.5 33.5 21.  12.  14.5 37.5 21.  16.  24.5 30.5 12.  32.  22.5 15.5
  21.5 -1.  41.  22.5 44. ]
 [31.5 31.5 18.5 27.5 23.5 28.5 42.5 19.  35.  25.5 40.  23.  29.  39.
  27.  41.  -1.  12.  39. ]
 [31.5 16.5 27.5 27.5 29.  32.5 11.  37.  25.  20.  27.  24.5 30.  39.5
  30.5 22.5 12.  -1.  39.5]
 [30.5 27.   8.5 26.5 29.5 35.5 36.5 29.  24.5 21.5 22.5  6.5 44.5 13.5
  23.  44.  39.  39.5 -1. ]]
Using alogirthm BRUTE_FORCE
improvement
improvement
improvement
improvement
improvement
improvement
improvement
improvement
improvement
BRUTE_FORCE: Best solution from 100 iterations took 70 steps -> (0, 1, 2, 3, 4, 5, 6, 7, 8, 9, 10, 11, 12, 13, 16, 18, 15, 17, 14) -> 846685.0
Using alogirthm RANDOM_PERMUTATION
RANDOM PERM: Best solution from 100 iterations took 69 steps -> [13, 14, 0, 5, 11, 1, 2, 3, 16, 6, 7, 17, 9, 15, 10, 12, 18, 8, 4] -> 847598.0
[[-1.  16.  22.  21.5 17.  21.5 32.  24.5 21.5 32.  32.  37.  31.  43.
  29.  40.5 35.  32.  35.5]
 [16.  -1.  34.  26.  22.  40.  15.5 19.5  9.5 16.5 15.  35.5 26.5 31.
  19.  29.  29.5 27.  36. ]
 [22.  34.  -1.  14.  24.  26.5 25.5 34.  42.  15.  23.5 41.5 26.5 19.
  11.  18.5 28.5 36.5 29. ]
 [21.5 26.  14.  -1.  18.5 11.5 25.  41.  22.5 20.5 34.5 41.  26.  17.5
  35.5 30.5 15.5 27.5 21.5]
 [17.  22.  24.  18.5 -1.  30.  38.5 22.  39.5 14.  26.5 41.  20.  23.
  13.5 38.5 21.5 24.5 30.5]
 [21.5 40.  26.5 11.5 30.  -1.  25.  40.  11.  12.5 20.  33.5 31.  40.
  30.5 19.  41.5 26.  10. ]
 [32.  15.5 25.5 25.  38.5 25.  -1.  29.5 32.  27.  28.5 27.5 26.  16.
  37.  29.5 28.  18.  31. ]
 [24.5 19.5 34.  41.  22.  40.  29.5 -1.  19.  47.  23.  27.5 33.  16.
  22.  28.  35.5 32.  44.5]
 [21.5  9.5 42.  22.5 39.5 11.  32.  19.  -1.  13.5 11.5 17.5 35.5 33.
  38.  13.5 27.5 25.5 16. ]
 [32.  16.5 15.  20.5 14.  12.5 27.  47.  13.5 -1.  22.  27.5 32.5 30.5
  29.  35.5 33.5 14.5 45.5]
 [32.  15.  23.5 34.5 26.5 20.  28.5 23.  11.5 22.  -1.  30.  41.  32.5
  25.5 36.  11.  23.5 19.5]
 [37.  35.5 41.5 41.  41.  33.5 27.5 27.5 17.5 27.5 30.  -1.  27.5 26.
  23.5 27.5 18.5 25.  46. ]
 [31.  26.5 26.5 26.  20.  31.  26.  33.  35.5 32.5 41.  27.5 -1.  40.5
  37.  40.  10.  22.  33.5]
 [43.  31.  19.  17.5 23.  40.  16.  16.  33.  30.5 32.5 26.  40.5 -1.
  46.5 37.  11.5 14.5 10.5]
 [29.  19.  11.  35.5 13.5 30.5 37.  22.  38.  29.  25.5 23.5 37.  46.5
  -1.  28.5 36.  44.  25. ]
 [40.5 29.  18.5 30.5 38.5 19.  29.5 28.  13.5 35.5 36.  27.5 40.  37.
  28.5 -1.  19.5 18.5 35. ]
 [35.  29.5 28.5 15.5 21.5 41.5 28.  35.5 27.5 33.5 11.  18.5 10.  11.5
  36.  19.5 -1.  18.  27.5]
 [32.  27.  36.5 27.5 24.5 26.  18.  32.  25.5 14.5 23.5 25.  22.  14.5
  44.  18.5 18.  -1.  12. ]
 [35.5 36.  29.  21.5 30.5 10.  31.  44.5 16.  45.5 19.5 46.  33.5 10.5
  25.  35.  27.5 12.  -1. ]]
Using alogirthm BRUTE_FORCE
improvement
improvement
improvement
improvement
improvement
improvement
improvement
improvement
BRUTE_FORCE: Best solution from 100 iterations took 55 steps -> (0, 1, 2, 3, 4, 5, 6, 7, 8, 9, 10, 11, 12, 13, 16, 15, 14, 17, 18) -> 878331.5
Using alogirthm RANDOM_PERMUTATION
RANDOM PERM: Best solution from 100 iterations took 10 steps -> [4, 18, 11, 8, 15, 0, 17, 1, 5, 2, 3, 13, 12, 6, 10, 14, 16, 7, 9] -> 772544.5
[[-1.  24.  24.5 13.  24.  49.  36.  16.  14.5 14.  12.5 21.  35.5 37.5
  31.  31.  35.  21.  14. ]
 [24.  -1.  15.5 28.5  8.  33.  18.5 30.5 38.  36.5 31.  26.  40.5 49.5
   8.5 19.  28.  22.5 36.5]
 [24.5 15.5 -1.  35.5 28.5 32.5 48.  36.5 25.5 37.   9.5 24.5 31.5 26.
  27.  22.  27.  30.  23. ]
 [13.  28.5 35.5 -1.  28.  23.5 28.5  5.5 41.  18.  15.  26.5 23.5 20.5
  22.5 29.  18.  44.5 36. ]
 [24.   8.  28.5 28.  -1.  28.  23.  19.5 19.  19.5 17.5 39.5 38.5 32.5
  14.5 37.5 23.  40.  36. ]
 [49.  33.  32.5 23.5 28.  -1.  32.  21.  41.  26.  22.5 17.  25.  42.
  24.  25.5 25.5 18.  19. ]
 [36.  18.5 48.  28.5 23.  32.  -1.  23.5 24.5 34.5 21.5 47.5 42.  22.5
  36.5 23.5 25.5 16.5 36.5]
 [16.  30.5 36.5  5.5 19.5 21.  23.5 -1.  25.  23.  28.5 27.  26.5 44.
  15.  42.  18.  33.5 29. ]
 [14.5 38.  25.5 41.  19.  41.  24.5 25.  -1.  11.  23.  19.  24.5 36.5
  14.5 28.5 30.5 25.  22.5]
 [14.  36.5 37.  18.  19.5 26.  34.5 23.  11.  -1.  24.  44.  37.5 23.
  14.  12.5  7.  25.  26.5]
 [12.5 31.   9.5 15.  17.5 22.5 21.5 28.5 23.  24.  -1.  42.5 37.5 44.
  17.  44.  37.  12.5 30. ]
 [21.  26.  24.5 26.5 39.5 17.  47.5 27.  19.  44.  42.5 -1.  25.  31.5
  17.5 12.  34.  38.5 12.5]
 [35.5 40.5 31.5 23.5 38.5 25.  42.  26.5 24.5 37.5 37.5 25.  -1.  31.
  31.  29.  26.5 22.5 40. ]
 [37.5 49.5 26.  20.5 32.5 42.  22.5 44.  36.5 23.  44.  31.5 31.  -1.
  14.5 19.5 33.  28.  19. ]
 [31.   8.5 27.  22.5 14.5 24.  36.5 15.  14.5 14.  17.  17.5 31.  14.5
  -1.  28.  20.  32.  39.5]
 [31.  19.  22.  29.  37.5 25.5 23.5 42.  28.5 12.5 44.  12.  29.  19.5
  28.  -1.  27.  35.  30.5]
 [35.  28.  27.  18.  23.  25.5 25.5 18.  30.5  7.  37.  34.  26.5 33.
  20.  27.  -1.  10.  20. ]
 [21.  22.5 30.  44.5 40.  18.  16.5 33.5 25.  25.  12.5 38.5 22.5 28.
  32.  35.  10.  -1.  38. ]
 [14.  36.5 23.  36.  36.  19.  36.5 29.  22.5 26.5 30.  12.5 40.  19.
  39.5 30.5 20.  38.  -1. ]]
Using alogirthm BRUTE_FORCE
improvement
improvement
improvement
improvement
improvement
improvement
improvement
improvement
improvement
improvement
improvement
BRUTE_FORCE: Best solution from 100 iterations took 85 steps -> (0, 1, 2, 3, 4, 5, 6, 7, 8, 9, 10, 11, 12, 13, 17, 16, 14, 15, 18) -> 936633.25
Using alogirthm RANDOM_PERMUTATION
RANDOM PERM: Best solution from 100 iterations took 2 steps -> [1, 17, 5, 12, 16, 10, 11, 18, 15, 2, 3, 4, 8, 13, 6, 14, 7, 9, 0] -> 891846.75
[[-1.  22.5 20.5 14.  30.  31.5 27.5 26.5 39.5 16.  16.5 30.  16.5 14.5
  33.  41.5 34.  18.5 13. ]
 [22.5 -1.  27.  19.5 37.  23.5 27.  17.  47.  30.5 11.5 21.  32.5 23.5
  31.  30.  26.5 21.  20. ]
 [20.5 27.  -1.   9.  30.  32.5 31.  34.5 34.  26.  27.  10.  21.5 22.5
  40.  21.5 20.5 32.  39. ]
 [14.  19.5  9.  -1.  39.5 22.5 13.5 30.5 28.  25.5 34.5 38.  41.  21.
  28.  15.  21.5 26.5  8. ]
 [30.  37.  30.  39.5 -1.  22.  21.  14.  17.  30.  20.  41.  11.5 24.
  26.  24.5 32.5 28.  28.5]
 [31.5 23.5 32.5 22.5 22.  -1.  20.5 18.  40.  25.  33.5 32.  41.  41.5
  28.5 32.5 26.5 18.  33. ]
 [27.5 27.  31.  13.5 21.  20.5 -1.  23.  31.5  8.5 39.5 25.  32.  25.5
  40.5 41.5 40.5 28.5 13.5]
 [26.5 17.  34.5 30.5 14.  18.  23.  -1.  38.  31.  27.5 26.  23.5 18.5
  19.5 29.  36.  42.  38.5]
 [39.5 47.  34.  28.  17.  40.  31.5 38.  -1.  19.5 42.  41.  43.5 26.
  34.5 22.5 28.  28.   7. ]
 [16.  30.5 26.  25.5 30.  25.   8.5 31.  19.5 -1.  27.  38.  28.5 20.
  27.  23.5 30.  22.5 35. ]
 [16.5 11.5 27.  34.5 20.  33.5 39.5 27.5 42.  27.  -1.  17.5 31.  19.
  39.  29.5 13.  39.  22. ]
 [30.  21.  10.  38.  41.  32.  25.  26.  41.  38.  17.5 -1.  36.5 27.5
  11.  22.5 24.5 44.5 29.5]
 [16.5 32.5 21.5 41.  11.5 41.  32.  23.5 43.5 28.5 31.  36.5 -1.  33.5
  18.  47.  45.  18.  17.5]
 [14.5 23.5 22.5 21.  24.  41.5 25.5 18.5 26.  20.  19.  27.5 33.5 -1.
  21.  34.  34.  17.5 14.5]
 [33.  31.  40.  28.  26.  28.5 40.5 19.5 34.5 27.  39.  11.  18.  21.
  -1.  19.5 40.  26.  26.5]
 [41.5 30.  21.5 15.  24.5 32.5 41.5 29.  22.5 23.5 29.5 22.5 47.  34.
  19.5 -1.  37.5 45.5 28. ]
 [34.  26.5 20.5 21.5 32.5 26.5 40.5 36.  28.  30.  13.  24.5 45.  34.
  40.  37.5 -1.  47.  30. ]
 [18.5 21.  32.  26.5 28.  18.  28.5 42.  28.  22.5 39.  44.5 18.  17.5
  26.  45.5 47.  -1.  23. ]
 [13.  20.  39.   8.  28.5 33.  13.5 38.5  7.  35.  22.  29.5 17.5 14.5
  26.5 28.  30.  23.  -1. ]]
Using alogirthm BRUTE_FORCE
improvement
improvement
improvement
improvement
improvement
improvement
improvement
improvement
improvement
improvement
BRUTE_FORCE: Best solution from 100 iterations took 94 steps -> (0, 1, 2, 3, 4, 5, 6, 7, 8, 9, 10, 11, 12, 13, 17, 18, 15, 16, 14) -> 776189.75
Using alogirthm RANDOM_PERMUTATION
RANDOM PERM: Best solution from 100 iterations took 11 steps -> [2, 7, 4, 5, 0, 10, 18, 6, 11, 9, 14, 8, 13, 12, 3, 16, 1, 17, 15] -> 731406.75
[[-1.  29.  48.  11.5 12.5 33.  30.  28.  41.5 19.5 38.  38.  37.  24.5
  46.  13.5 35.5 31.  23.5]
 [29.  -1.  24.5 18.5 26.5 25.  36.5 37.5 13.   5.5 27.5 33.5 19.  35.5
  21.  44.  23.   6.5 38. ]
 [48.  24.5 -1.  25.5 37.5 29.5 22.5 35.5 20.5 25.  24.5 18.5 24.5 22.5
  17.5 27.5 23.  32.5 28.5]
 [11.5 18.5 25.5 -1.  18.5 25.  29.  11.  25.5 33.5 13.  39.  49.  14.5
  25.5 20.  32.5 13.  33. ]
 [12.5 26.5 37.5 18.5 -1.  21.5 19.  27.5 24.  21.5 30.  45.  31.  32.
  37.  29.5 22.  22.  22.5]
 [33.  25.  29.5 25.  21.5 -1.  26.5 37.5 19.  35.  44.5 24.  37.  39.
  20.  27.5 32.5  6.5 16. ]
 [30.  36.5 22.5 29.  19.  26.5 -1.  12.5 35.  36.5 27.  16.  29.  35.
  23.5 28.5 21.5 24.  24.5]
 [28.  37.5 35.5 11.  27.5 37.5 12.5 -1.  28.5 16.5 23.  42.  25.5 41.5
  12.5 38.5 33.  30.  17.5]
 [41.5 13.  20.5 25.5 24.  19.  35.  28.5 -1.  12.5 17.  27.5  6.  15.
  24.  36.  43.5 40.5 31.5]
 [19.5  5.5 25.  33.5 21.5 35.  36.5 16.5 12.5 -1.  29.5 32.  11.  21.
  34.  43.5 36.5 16.5 25. ]
 [38.  27.5 24.5 13.  30.  44.5 27.  23.  17.  29.5 -1.  18.  39.  35.5
  26.  16.  26.  20.5 18.5]
 [38.  33.5 18.5 39.  45.  24.  16.  42.  27.5 32.  18.  -1.  32.5 19.5
  36.  22.   9.5 38.  31. ]
 [37.  19.  24.5 49.  31.  37.  29.  25.5  6.  11.  39.  32.5 -1.  37.
  19.  39.  23.5 36.5 33. ]
 [24.5 35.5 22.5 14.5 32.  39.  35.  41.5 15.  21.  35.5 19.5 37.  -1.
  45.  23.5 32.5 11.  15. ]
 [46.  21.  17.5 25.5 37.  20.  23.5 12.5 24.  34.  26.  36.  19.  45.
  -1.  29.  19.  22.5 37. ]
 [13.5 44.  27.5 20.  29.5 27.5 28.5 38.5 36.  43.5 16.  22.  39.  23.5
  29.  -1.  18.  23.5 27.5]
 [35.5 23.  23.  32.5 22.  32.5 21.5 33.  43.5 36.5 26.   9.5 23.5 32.5
  19.  18.  -1.  13.  33.5]
 [31.   6.5 32.5 13.  22.   6.5 24.  30.  40.5 16.5 20.5 38.  36.5 11.
  22.5 23.5 13.  -1.  30. ]
 [23.5 38.  28.5 33.  22.5 16.  24.5 17.5 31.5 25.  18.5 31.  33.  15.
  37.  27.5 33.5 30.  -1. ]]
Using alogirthm BRUTE_FORCE
improvement
improvement
improvement
improvement
improvement
improvement
improvement
BRUTE_FORCE: Best solution from 100 iterations took 39 steps -> (0, 1, 2, 3, 4, 5, 6, 7, 8, 9, 10, 11, 12, 13, 15, 17, 16, 14, 18) -> 878346.0
Using alogirthm RANDOM_PERMUTATION
RANDOM PERM: Best solution from 100 iterations took 65 steps -> [15, 0, 7, 11, 2, 14, 12, 10, 6, 8, 9, 3, 16, 4, 1, 17, 13, 18, 5] -> 816570.5
[[-1.  32.5 43.5 20.5 43.5 32.5 24.5 36.5 29.5 21.  31.  44.  30.  32.5
  19.  23.5 39.  37.  24.5]
 [32.5 -1.  28.  27.5 24.5 37.  23.  17.  14.  31.  13.  33.5 35.  40.
  31.5 31.  29.  26.5 21. ]
 [43.5 28.  -1.  28.5 31.  13.5  7.5 20.  40.5 30.5 29.  32.5 32.  24.5
  19.5 40.  34.  22.5 13. ]
 [20.5 27.5 28.5 -1.  41.5 35.5 33.5 39.  27.5 16.5 39.  25.  28.  35.
  34.   6.  21.  38.  39. ]
 [43.5 24.5 31.  41.5 -1.  28.  22.5 27.5 31.  16.  28.5 37.  22.  19.
  34.  38.5 16.  34.  32.5]
 [32.5 37.  13.5 35.5 28.  -1.  19.5 21.5 25.5 22.5 30.5 46.5 40.5 32.5
  25.5 32.5 31.5 27.  35. ]
 [24.5 23.   7.5 33.5 22.5 19.5 -1.  12.  28.  27.5 27.5 30.  19.  25.5
  40.5 20.5 31.  41.5 31. ]
 [36.5 17.  20.  39.  27.5 21.5 12.  -1.  26.  22.  22.  34.5 26.5 32.5
  47.5 26.5 31.  29.5 26.5]
 [29.5 14.  40.5 27.5 31.  25.5 28.  26.  -1.  27.5 19.5 42.  37.5 39.
  20.5 27.5 17.5 30.5 38. ]
 [21.  31.  30.5 16.5 16.  22.5 27.5 22.  27.5 -1.  36.  12.  23.   7.5
  15.  20.  40.5 15.  28.5]
 [31.  13.  29.  39.  28.5 30.5 27.5 22.  19.5 36.  -1.  17.  34.5 13.
  18.  30.  13.  31.5 29.5]
 [44.  33.5 32.5 25.  37.  46.5 30.  34.5 42.  12.  17.  -1.  24.5 27.5
  26.5 29.5 13.  20.  12.5]
 [30.  35.  32.  28.  22.  40.5 19.  26.5 37.5 23.  34.5 24.5 -1.  22.
  11.5 31.5  6.5 29.  17.5]
 [32.5 40.  24.5 35.  19.  32.5 25.5 32.5 39.   7.5 13.  27.5 22.  -1.
  29.5 29.  15.  35.  17. ]
 [19.  31.5 19.5 34.  34.  25.5 40.5 47.5 20.5 15.  18.  26.5 11.5 29.5
  -1.  42.  31.5 22.  21.5]
 [23.5 31.  40.   6.  38.5 32.5 20.5 26.5 27.5 20.  30.  29.5 31.5 29.
  42.  -1.  28.  29.  28.5]
 [39.  29.  34.  21.  16.  31.5 31.  31.  17.5 40.5 13.  13.   6.5 15.
  31.5 28.  -1.  10.  40. ]
 [37.  26.5 22.5 38.  34.  27.  41.5 29.5 30.5 15.  31.5 20.  29.  35.
  22.  29.  10.  -1.  29. ]
 [24.5 21.  13.  39.  32.5 35.  31.  26.5 38.  28.5 29.5 12.5 17.5 17.
  21.5 28.5 40.  29.  -1. ]]
Using alogirthm BRUTE_FORCE
improvement
improvement
improvement
improvement
improvement
improvement
improvement
improvement
improvement
improvement
BRUTE_FORCE: Best solution from 100 iterations took 47 steps -> (0, 1, 2, 3, 4, 5, 6, 7, 8, 9, 10, 11, 12, 13, 15, 18, 17, 14, 16) -> 930431.25
Using alogirthm RANDOM_PERMUTATION
RANDOM PERM: Best solution from 100 iterations took 9 steps -> [9, 18, 1, 7, 4, 0, 11, 2, 3, 8, 5, 10, 6, 16, 13, 17, 12, 14, 15] -> 894113.25
[[-1.  39.5 15.  32.5 24.5 37.5 39.5 16.  15.5 27.  41.5 27.  14.  25.
  24.  32.  22.  23.  13. ]
 [39.5 -1.  32.5 41.  17.5 29.5 27.5 29.5 28.  24.5 13.5 33.  35.5 29.
  18.  31.  28.5 34.  13.5]
 [15.  32.5 -1.  39.5 17.  22.  31.  24.  10.  31.5 20.5  6.  41.5 11.5
  17.5 35.5 21.  24.5 15. ]
 [32.5 41.  39.5 -1.  29.  30.5 18.5 43.  17.  22.  41.  31.5 24.5 46.5
  33.  29.5 19.5 27.5  6. ]
 [24.5 17.5 17.  29.  -1.  47.  21.5 20.5 31.   8.5 33.  16.5 17.5 23.
  22.5 11.  13.  32.  39. ]
 [37.5 29.5 22.  30.5 47.  -1.  27.5 37.5 27.5 35.5 18.5 36.  17.5 14.5
  35.5 27.  27.5 32.5  5. ]
 [39.5 27.5 31.  18.5 21.5 27.5 -1.  25.5 22.5 12.  27.  36.  28.5 30.
  27.5 24.5 21.  24.  21. ]
 [16.  29.5 24.  43.  20.5 37.5 25.5 -1.  29.5 23.5 39.  18.5 36.  35.
  20.5 25.  44.  10.  18. ]
 [15.5 28.  10.  17.  31.  27.5 22.5 29.5 -1.  45.5 36.  20.  21.5 15.5
  14.  11.5 19.5 40.5 38.5]
 [27.  24.5 31.5 22.   8.5 35.5 12.  23.5 45.5 -1.  14.5 43.5 31.  17.5
  39.  36.5 38.  28.  31.5]
 [41.5 13.5 20.5 41.  33.  18.5 27.  39.  36.  14.5 -1.  19.  25.  37.
  20.5 31.5 15.  30.5 44. ]
 [27.  33.   6.  31.5 16.5 36.  36.  18.5 20.  43.5 19.  -1.  29.  34.
  41.  29.  40.  22.5 13.5]
 [14.  35.5 41.5 24.5 17.5 17.5 28.5 36.  21.5 31.  25.  29.  -1.  31.5
   7.  34.5 36.5 20.  30. ]
 [25.  29.  11.5 46.5 23.  14.5 30.  35.  15.5 17.5 37.  34.  31.5 -1.
  15.5 16.5 27.5 24.5 17. ]
 [24.  18.  17.5 33.  22.5 35.5 27.5 20.5 14.  39.  20.5 41.   7.  15.5
  -1.  19.  20.5 26.  25.5]
 [32.  31.  35.5 29.5 11.  27.  24.5 25.  11.5 36.5 31.5 29.  34.5 16.5
  19.  -1.  20.  41.  39. ]
 [22.  28.5 21.  19.5 13.  27.5 21.  44.  19.5 38.  15.  40.  36.5 27.5
  20.5 20.  -1.  29.5 40. ]
 [23.  34.  24.5 27.5 32.  32.5 24.  10.  40.5 28.  30.5 22.5 20.  24.5
  26.  41.  29.5 -1.  21.5]
 [13.  13.5 15.   6.  39.   5.  21.  18.  38.5 31.5 44.  13.5 30.  17.
  25.5 39.  40.  21.5 -1. ]]
Using alogirthm BRUTE_FORCE
improvement
improvement
improvement
improvement
improvement
improvement
improvement
improvement
improvement
improvement
improvement
improvement
improvement
improvement
improvement
improvement
improvement
improvement
improvement
improvement
improvement
improvement
BRUTE_FORCE: Best solution from 100 iterations took 97 steps -> (0, 1, 2, 3, 4, 5, 6, 7, 8, 9, 10, 11, 12, 13, 18, 14, 15, 16, 17) -> 838218.25
Using alogirthm RANDOM_PERMUTATION
RANDOM PERM: Best solution from 100 iterations took 16 steps -> [3, 1, 17, 6, 15, 7, 12, 14, 13, 10, 5, 18, 4, 0, 2, 9, 16, 8, 11] -> 758696.25
[[-1.  23.  13.  25.5 25.  24.5 21.5 27.  25.5 23.5 33.5 33.5 20.  10.5
  36.  41.  24.5 30.5 33.5]
 [23.  -1.  28.  37.  36.5 30.5 20.5 11.  35.  18.5 24.  41.  27.5 37.5
  35.5 37.5  7.5 36.  31.5]
 [13.  28.  -1.  22.5 36.  19.5 24.5 40.5 36.5 28.5 29.5 22.  18.  27.5
  15.  22.  18.  24.  22. ]
 [25.5 37.  22.5 -1.  20.5 22.  21.  30.5 22.   9.5 31.  24.  47.  41.
  13.  28.5 26.  20.5 16. ]
 [25.  36.5 36.  20.5 -1.  31.  12.   8.5 10.  32.5 38.  22.  29.5 30.
  29.  10.  25.  30.5 22.5]
 [24.5 30.5 19.5 22.  31.  -1.  30.  18.  26.5 24.  26.  31.  16.  23.5
   8.  21.  23.5 32.5  6. ]
 [21.5 20.5 24.5 21.  12.  30.  -1.  37.   7.  21.5 24.  17.5 27.  29.5
  28.5 26.  21.5 21.  24.5]
 [27.  11.  40.5 30.5  8.5 18.  37.  -1.  40.5 46.  32.5 41.5 33.  33.
  27.5 23.  30.  21.5 39.5]
 [25.5 35.  36.5 22.  10.  26.5  7.  40.5 -1.  40.5 18.5 31.  28.5 34.5
  24.5 27.5 36.5 17.5 13. ]
 [23.5 18.5 28.5  9.5 32.5 24.  21.5 46.  40.5 -1.  37.  14.5 32.  20.5
  22.5 21.  30.5 27.  25. ]
 [33.5 24.  29.5 31.  38.  26.  24.  32.5 18.5 37.  -1.  18.  46.  24.
  21.5 29.5 18.5 20.5 32. ]
 [33.5 41.  22.  24.  22.  31.  17.5 41.5 31.  14.5 18.  -1.  38.  24.5
  25.5 35.  25.5 45.5 27. ]
 [20.  27.5 18.  47.  29.5 16.  27.  33.  28.5 32.  46.  38.  -1.  20.
  16.5 31.   9.5 21.5 23.5]
 [10.5 37.5 27.5 41.  30.  23.5 29.5 33.  34.5 20.5 24.  24.5 20.  -1.
  30.5 37.5  8.  12.5 26.5]
 [36.  35.5 15.  13.  29.   8.  28.5 27.5 24.5 22.5 21.5 25.5 16.5 30.5
  -1.  28.5 33.5 26.  19. ]
 [41.  37.5 22.  28.5 10.  21.  26.  23.  27.5 21.  29.5 35.  31.  37.5
  28.5 -1.  22.  36.  20. ]
 [24.5  7.5 18.  26.  25.  23.5 21.5 30.  36.5 30.5 18.5 25.5  9.5  8.
  33.5 22.  -1.  26.5 27.5]
 [30.5 36.  24.  20.5 30.5 32.5 21.  21.5 17.5 27.  20.5 45.5 21.5 12.5
  26.  36.  26.5 -1.  38.5]
 [33.5 31.5 22.  16.  22.5  6.  24.5 39.5 13.  25.  32.  27.  23.5 26.5
  19.  20.  27.5 38.5 -1. ]]
Using alogirthm BRUTE_FORCE
improvement
improvement
improvement
improvement
improvement
BRUTE_FORCE: Best solution from 100 iterations took 15 steps -> (0, 1, 2, 3, 4, 5, 6, 7, 8, 9, 10, 11, 12, 13, 14, 17, 16, 15, 18) -> 940025.75
Using alogirthm RANDOM_PERMUTATION
RANDOM PERM: Best solution from 100 iterations took 34 steps -> [14, 12, 17, 4, 6, 18, 2, 8, 15, 5, 13, 9, 3, 11, 16, 1, 7, 0, 10] -> 806624.75
