[[-1.  17.5 23.5 14.5 46.  20.  23.  19.  40.  29.5 26.5 27.  31.  34.5
  40.  34.  39.5 37.5 26.5]
 [17.5 -1.  29.  22.5 18.  21.  41.  35.  25.  23.  17.  23.5 23.  40.5
  27.  27.  14.5 25.  35. ]
 [23.5 29.  -1.  25.  19.  17.5 31.  40.5 26.  16.  29.  17.  38.  19.5
  31.   9.5 32.  29.  16.5]
 [14.5 22.5 25.  -1.  45.5 24.5 40.5 38.5 41.  29.  24.5  8.  11.5 18.5
  17.  20.5 17.  43.  22.5]
 [46.  18.  19.  45.5 -1.  39.  41.  22.5 11.  22.  48.5 42.5 32.5 28.5
  16.5 32.  15.5 23.  16. ]
 [20.  21.  17.5 24.5 39.  -1.  30.  32.  37.5 33.  34.  26.  30.  24.5
  13.  26.5 25.  36.5 40. ]
 [23.  41.  31.  40.5 41.  30.  -1.  25.  20.5 18.  26.5 33.  38.  28.
  19.  19.5 29.  29.  15.5]
 [19.  35.  40.5 38.5 22.5 32.  25.  -1.  23.5 36.5 32.  11.  31.  28.5
  11.  42.  16.5 24.5 27.5]
 [40.  25.  26.  41.  11.  37.5 20.5 23.5 -1.  34.5 42.5 34.  18.  13.
  32.5 29.  35.   7.  16.5]
 [29.5 23.  16.  29.  22.  33.  18.  36.5 34.5 -1.  46.  20.5 16.5 33.5
  11.5 36.5 23.  30.  32.5]
 [26.5 17.  29.  24.5 48.5 34.  26.5 32.  42.5 46.  -1.  41.5 31.  27.
  41.  44.  19.  47.  46.5]
 [27.  23.5 17.   8.  42.5 26.  33.  11.  34.  20.5 41.5 -1.  24.  27.5
  27.  29.  41.  18.5 36.5]
 [31.  23.  38.  11.5 32.5 30.  38.  31.  18.  16.5 31.  24.  -1.  24.5
  36.  39.5 15.  17.  22. ]
 [34.5 40.5 19.5 18.5 28.5 24.5 28.  28.5 13.  33.5 27.  27.5 24.5 -1.
  28.5 20.5 33.5 25.5 25. ]
 [40.  27.  31.  17.  16.5 13.  19.  11.  32.5 11.5 41.  27.  36.  28.5
  -1.  28.  21.  28.  23. ]
 [34.  27.   9.5 20.5 32.  26.5 19.5 42.  29.  36.5 44.  29.  39.5 20.5
  28.  -1.  41.5 13.5 33.5]
 [39.5 14.5 32.  17.  15.5 25.  29.  16.5 35.  23.  19.  41.  15.  33.5
  21.  41.5 -1.  42.  14. ]
 [37.5 25.  29.  43.  23.  36.5 29.  24.5  7.  30.  47.  18.5 17.  25.5
  28.  13.5 42.  -1.  25.5]
 [26.5 35.  16.5 22.5 16.  40.  15.5 27.5 16.5 32.5 46.5 36.5 22.  25.
  23.  33.5 14.  25.5 -1. ]]
Using alogirthm BRUTE_FORCE
BRUTE_FORCE: Best solution from 100 iterations took 77 steps -> (0, 1, 2, 3, 4, 5, 6, 7, 8, 9, 10, 11, 12, 13, 17, 14, 18, 15, 16) -> 802416.5
Function brute_force execution time: 0.017545700073242188
Using alogirthm RANDOM_PERMUTATION
RANDOM PERM: Best solution from 100 iterations took 18 steps -> [7, 17, 0, 18, 14, 4, 8, 5, 10, 6, 13, 9, 1, 11, 15, 16, 12, 2, 3] -> 731169.0
Function random_permutations execution time: 0.017410993576049805
[[-1.  27.  30.  24.  28.5 39.   8.  37.  47.  27.5 15.5 25.5 33.5 22.
  25.5 21.  21.5 31.  24.5]
 [27.  -1.  25.5 15.  32.5 26.  20.  28.5 23.  12.  20.  33.5 28.5 18.
  37.5 29.5 39.5 24.  13. ]
 [30.  25.5 -1.  28.  26.5 38.5 11.  18.5 42.5  8.5 22.5 16.  30.  32.5
  34.  35.5 38.  40.5 43. ]
 [24.  15.  28.  -1.  22.  30.  24.  12.  24.5 14.5 46.  20.  28.  31.
  19.5 25.  34.  35.5 22. ]
 [28.5 32.5 26.5 22.  -1.  30.  40.  24.5 16.  23.5 15.  43.5 15.5 17.5
  43.5 25.5 29.  28.5 30. ]
 [39.  26.  38.5 30.  30.  -1.  28.5 27.  25.  30.5 32.  30.5 39.  16.5
  32.5 17.  42.  30.  26. ]
 [ 8.  20.  11.  24.  40.  28.5 -1.  31.  35.  35.5 31.  31.5 40.  29.
  40.5 21.5 21.5 41.5 34.5]
 [37.  28.5 18.5 12.  24.5 27.  31.  -1.  27.  25.5 11.  15.  21.  32.
  12.5 24.5 31.  21.  48.5]
 [47.  23.  42.5 24.5 16.  25.  35.  27.  -1.  16.5 28.5 11.5 20.5 29.5
  27.  16.5 13.5 12.  31. ]
 [27.5 12.   8.5 14.5 23.5 30.5 35.5 25.5 16.5 -1.  19.  25.5 13.5 31.5
  33.  42.5 23.5 32.5 31. ]
 [15.5 20.  22.5 46.  15.  32.  31.  11.  28.5 19.  -1.  19.  26.  31.
  42.  33.5 25.  35.  18.5]
 [25.5 33.5 16.  20.  43.5 30.5 31.5 15.  11.5 25.5 19.  -1.  33.  39.5
  27.  31.  17.5 29.  30.5]
 [33.5 28.5 30.  28.  15.5 39.  40.  21.  20.5 13.5 26.  33.  -1.  18.5
  44.  21.5 16.  34.  38.5]
 [22.  18.  32.5 31.  17.5 16.5 29.  32.  29.5 31.5 31.  39.5 18.5 -1.
  35.5 16.5 38.5 26.  34. ]
 [25.5 37.5 34.  19.5 43.5 32.5 40.5 12.5 27.  33.  42.  27.  44.  35.5
  -1.  34.5 33.  22.5 37.5]
 [21.  29.5 35.5 25.  25.5 17.  21.5 24.5 16.5 42.5 33.5 31.  21.5 16.5
  34.5 -1.  28.5 22.5 42.5]
 [21.5 39.5 38.  34.  29.  42.  21.5 31.  13.5 23.5 25.  17.5 16.  38.5
  33.  28.5 -1.  36.  30. ]
 [31.  24.  40.5 35.5 28.5 30.  41.5 21.  12.  32.5 35.  29.  34.  26.
  22.5 22.5 36.  -1.  35. ]
 [24.5 13.  43.  22.  30.  26.  34.5 48.5 31.  31.  18.5 30.5 38.5 34.
  37.5 42.5 30.  35.  -1. ]]
Using alogirthm BRUTE_FORCE
BRUTE_FORCE: Best solution from 100 iterations took 26 steps -> (0, 1, 2, 3, 4, 5, 6, 7, 8, 9, 10, 11, 12, 13, 15, 14, 16, 18, 17) -> 992574.5
Function brute_force execution time: 0.016013145446777344
Using alogirthm RANDOM_PERMUTATION
RANDOM PERM: Best solution from 100 iterations took 3 steps -> [2, 12, 3, 7, 0, 9, 15, 16, 18, 6, 13, 5, 1, 17, 10, 8, 4, 14, 11] -> 860684.5
Function random_permutations execution time: 0.017055273056030273
[[-1.  30.  13.5 40.5 20.  29.5 44.  28.5 28.5 23.5 27.  20.  36.  25.
  42.5 39.5 30.5 14.5 37.5]
 [30.  -1.  26.5 33.5 28.  31.5 39.5 27.5 30.  38.5 25.  31.5 40.5 24.5
  15.  12.  42.  24.5 35.5]
 [13.5 26.5 -1.  30.  26.5 35.  41.  24.  31.5 29.5 21.  44.  28.  31.
  32.  25.5 27.5 14.  25.5]
 [40.5 33.5 30.  -1.  20.5 23.  32.  21.  24.  33.5 16.5 32.5 47.5 46.5
  37.5 25.  38.  17.5 34. ]
 [20.  28.  26.5 20.5 -1.  14.5 40.  31.5 33.  41.5 26.  23.5 31.  29.5
  29.  21.  31.  25.5 25. ]
 [29.5 31.5 35.  23.  14.5 -1.  25.5 23.  16.  40.  20.  18.5 45.  22.5
  44.  18.5 30.5 39.5 28.5]
 [44.  39.5 41.  32.  40.  25.5 -1.  40.5 26.  16.5 35.  33.5 16.5 26.5
  23.  43.5 23.  11.5 19. ]
 [28.5 27.5 24.  21.  31.5 23.  40.5 -1.  20.5 40.  43.  34.5 47.5  8.5
  25.  31.  15.5 30.5 30.5]
 [28.5 30.  31.5 24.  33.  16.  26.  20.5 -1.  28.5 28.  29.  30.  42.5
  36.5 35.5 35.  35.  24. ]
 [23.5 38.5 29.5 33.5 41.5 40.  16.5 40.  28.5 -1.  19.5 40.  11.  24.5
  43.  37.5 26.5 32.   7.5]
 [27.  25.  21.  16.5 26.  20.  35.  43.  28.  19.5 -1.  32.  39.5 39.
  26.  26.5 25.  21.  30. ]
 [20.  31.5 44.  32.5 23.5 18.5 33.5 34.5 29.  40.  32.  -1.  33.5 25.
  17.5 19.5 23.  43.  26. ]
 [36.  40.5 28.  47.5 31.  45.  16.5 47.5 30.  11.  39.5 33.5 -1.  30.5
  33.  27.5 27.  29.  20. ]
 [25.  24.5 31.  46.5 29.5 22.5 26.5  8.5 42.5 24.5 39.  25.  30.5 -1.
  22.  14.5  8.5 42.5 46. ]
 [42.5 15.  32.  37.5 29.  44.  23.  25.  36.5 43.  26.  17.5 33.  22.
  -1.  35.5 31.  24.5 10. ]
 [39.5 12.  25.5 25.  21.  18.5 43.5 31.  35.5 37.5 26.5 19.5 27.5 14.5
  35.5 -1.  32.  24.5 31. ]
 [30.5 42.  27.5 38.  31.  30.5 23.  15.5 35.  26.5 25.  23.  27.   8.5
  31.  32.  -1.  26.  40. ]
 [14.5 24.5 14.  17.5 25.5 39.5 11.5 30.5 35.  32.  21.  43.  29.  42.5
  24.5 24.5 26.  -1.  38. ]
 [37.5 35.5 25.5 34.  25.  28.5 19.  30.5 24.   7.5 30.  26.  20.  46.
  10.  31.  40.  38.  -1. ]]
Using alogirthm BRUTE_FORCE
BRUTE_FORCE: Best solution from 100 iterations took 22 steps -> (0, 1, 2, 3, 4, 5, 6, 7, 8, 9, 10, 11, 12, 13, 14, 18, 16, 17, 15) -> 845179.5
Function brute_force execution time: 0.0178375244140625
Using alogirthm RANDOM_PERMUTATION
RANDOM PERM: Best solution from 100 iterations took 52 steps -> [2, 3, 1, 5, 10, 0, 12, 9, 15, 6, 13, 17, 14, 4, 8, 18, 16, 7, 11] -> 799393.0
Function random_permutations execution time: 0.017498016357421875
[[-1.  18.  27.5 37.5 24.   6.  27.  42.5 33.5 43.5 33.  37.5 37.   8.
  28.  17.5 37.5 27.  36. ]
 [18.  -1.  27.  30.  42.5 39.  22.  29.5 18.5 30.5 11.5 42.5 12.  17.5
  18.  40.5 32.5 32.5 26.5]
 [27.5 27.  -1.  10.5 37.5 24.5 28.5  9.  18.5 31.  35.  30.  36.  30.
  47.5 13.  21.5 22.  25.5]
 [37.5 30.  10.5 -1.  23.  34.  18.  39.  30.  19.  35.  34.  24.5 37.
  30.  31.5 14.5 27.  23. ]
 [24.  42.5 37.5 23.  -1.  17.5 31.  25.5  5.  17.5 22.5 20.5 42.5 13.
  35.  20.  36.  31.5 20.5]
 [ 6.  39.  24.5 34.  17.5 -1.  30.5 25.5 30.  33.  43.  29.  28.  35.
  29.  28.5  6.5 12.5 29. ]
 [27.  22.  28.5 18.  31.  30.5 -1.  28.5  9.  40.5 20.  31.5 33.5 23.
  19.  26.  32.  23.5 24.5]
 [42.5 29.5  9.  39.  25.5 25.5 28.5 -1.  37.5 30.5 16.5 39.5 27.5 31.5
  15.5 18.  14.  35.5 37.5]
 [33.5 18.5 18.5 30.   5.  30.   9.  37.5 -1.  14.  26.5 27.  42.  13.
  21.5 40.  15.  36.  25.5]
 [43.5 30.5 31.  19.  17.5 33.  40.5 30.5 14.  -1.  18.  24.5 29.5 12.5
  44.  32.5 16.  35.  18. ]
 [33.  11.5 35.  35.  22.5 43.  20.  16.5 26.5 18.  -1.  16.5 22.5 45.5
  16.  22.  27.  20.5 32. ]
 [37.5 42.5 30.  34.  20.5 29.  31.5 39.5 27.  24.5 16.5 -1.  27.5 27.5
  26.5 14.  29.  22.  10.5]
 [37.  12.  36.  24.5 42.5 28.  33.5 27.5 42.  29.5 22.5 27.5 -1.  34.
  14.5 10.5 21.  33.5 33.5]
 [ 8.  17.5 30.  37.  13.  35.  23.  31.5 13.  12.5 45.5 27.5 34.  -1.
  31.5 39.5 28.  12.  26.5]
 [28.  18.  47.5 30.  35.  29.  19.  15.5 21.5 44.  16.  26.5 14.5 31.5
  -1.  36.5 29.5 14.  22.5]
 [17.5 40.5 13.  31.5 20.  28.5 26.  18.  40.  32.5 22.  14.  10.5 39.5
  36.5 -1.  16.5 26.  11.5]
 [37.5 32.5 21.5 14.5 36.   6.5 32.  14.  15.  16.  27.  29.  21.  28.
  29.5 16.5 -1.  42.5 30.5]
 [27.  32.5 22.  27.  31.5 12.5 23.5 35.5 36.  35.  20.5 22.  33.5 12.
  14.  26.  42.5 -1.  28. ]
 [36.  26.5 25.5 23.  20.5 29.  24.5 37.5 25.5 18.  32.  10.5 33.5 26.5
  22.5 11.5 30.5 28.  -1. ]]
Using alogirthm BRUTE_FORCE
BRUTE_FORCE: Best solution from 100 iterations took 54 steps -> (0, 1, 2, 3, 4, 5, 6, 7, 8, 9, 10, 11, 12, 13, 16, 14, 18, 17, 15) -> 845062.0
Function brute_force execution time: 0.018210887908935547
Using alogirthm RANDOM_PERMUTATION
RANDOM PERM: Best solution from 100 iterations took 6 steps -> [7, 2, 9, 4, 17, 16, 10, 8, 0, 11, 15, 18, 5, 14, 3, 13, 6, 12, 1] -> 772235.5
Function random_permutations execution time: 0.017809152603149414
[[-1.  24.  27.  12.5 22.5 15.5 15.5 32.5 23.5 29.  38.5 28.  25.  23.
  27.5 43.5 26.5 26.  12. ]
 [24.  -1.  29.5 28.  40.  46.5 25.5 27.  22.5 22.  43.5 31.5 14.  16.
  16.  12.5 12.5 26.5 31. ]
 [27.  29.5 -1.  24.5 10.5 41.5 17.5 22.5 28.  24.  32.5 27.  13.  11.
  44.  40.5 21.  27.  16.5]
 [12.5 28.  24.5 -1.  31.5 27.  28.5 36.5 15.  22.  21.  32.5 16.  29.
  39.  14.  37.  43.  29.5]
 [22.5 40.  10.5 31.5 -1.  29.  23.5 28.5 22.5 27.  16.  43.  43.  24.5
  12.5 34.  25.5 33.5 27. ]
 [15.5 46.5 41.5 27.  29.  -1.  20.5 22.5 43.5 39.5 25.5 20.  43.  11.5
  20.5 11.  39.5 38.5 27. ]
 [15.5 25.5 17.5 28.5 23.5 20.5 -1.  26.5 31.5 16.5 22.5 48.5 37.  42.5
  27.5 11.5 22.  16.5 29.5]
 [32.5 27.  22.5 36.5 28.5 22.5 26.5 -1.  25.5 22.5 18.  34.  44.  37.5
   9.5 26.5 27.5  7.  12.5]
 [23.5 22.5 28.  15.  22.5 43.5 31.5 25.5 -1.  39.5 28.5 31.  26.  31.5
  29.  25.5 34.  17.  28.5]
 [29.  22.  24.  22.  27.  39.5 16.5 22.5 39.5 -1.  26.  43.  16.  31.5
  27.  27.5 22.5 32.  24. ]
 [38.5 43.5 32.5 21.  16.  25.5 22.5 18.  28.5 26.  -1.  41.5 29.5 10.5
  24.  36.5 15.  30.5 12. ]
 [28.  31.5 27.  32.5 43.  20.  48.5 34.  31.  43.  41.5 -1.  37.  21.
  34.5 23.  26.5 35.5 19.5]
 [25.  14.  13.  16.  43.  43.  37.  44.  26.  16.  29.5 37.  -1.  20.5
  43.  13.5 36.  17.5 29.5]
 [23.  16.  11.  29.  24.5 11.5 42.5 37.5 31.5 31.5 10.5 21.  20.5 -1.
  30.   5.  36.5 27.  21. ]
 [27.5 16.  44.  39.  12.5 20.5 27.5  9.5 29.  27.  24.  34.5 43.  30.
  -1.  31.5  7.  25.  25. ]
 [43.5 12.5 40.5 14.  34.  11.  11.5 26.5 25.5 27.5 36.5 23.  13.5  5.
  31.5 -1.  33.  12.  26.5]
 [26.5 12.5 21.  37.  25.5 39.5 22.  27.5 34.  22.5 15.  26.5 36.  36.5
   7.  33.  -1.  22.  15.5]
 [26.  26.5 27.  43.  33.5 38.5 16.5  7.  17.  32.  30.5 35.5 17.5 27.
  25.  12.  22.  -1.  35.5]
 [12.  31.  16.5 29.5 27.  27.  29.5 12.5 28.5 24.  12.  19.5 29.5 21.
  25.  26.5 15.5 35.5 -1. ]]
Using alogirthm BRUTE_FORCE
BRUTE_FORCE: Best solution from 100 iterations took 84 steps -> (0, 1, 2, 3, 4, 5, 6, 7, 8, 9, 10, 11, 12, 13, 17, 15, 18, 16, 14) -> 963625.0
Function brute_force execution time: 0.016010284423828125
Using alogirthm RANDOM_PERMUTATION
RANDOM PERM: Best solution from 100 iterations took 99 steps -> [2, 11, 6, 17, 16, 0, 18, 1, 7, 13, 15, 4, 8, 14, 9, 12, 10, 3, 5] -> 859628.5
Function random_permutations execution time: 0.016800880432128906
[[-1.  35.5 34.5 37.  33.5 34.5 40.5 28.  27.  43.5 29.  19.  21.5 45.
  42.  41.5 27.  30.  15.5]
 [35.5 -1.  37.5 29.5 31.5 31.5  7.  19.5 29.5 34.5 30.5 41.5 45.5 13.
  22.  11.5 40.  10.  29.5]
 [34.5 37.5 -1.  18.5 15.  15.5 16.5 42.  16.5 20.5 39.  26.5 33.  16.5
  38.  34.5  8.  38.  24.5]
 [37.  29.5 18.5 -1.  29.5 21.  14.5 35.5 32.  24.  46.  25.  30.5 22.5
  28.5 18.  24.  28.5 16. ]
 [33.5 31.5 15.  29.5 -1.  40.5 31.  23.5 16.  29.5 26.5 31.5 30.  35.5
  21.  30.  21.5 37.5 41.5]
 [34.5 31.5 15.5 21.  40.5 -1.  20.5 36.  19.5 27.  22.5 18.5 20.5 23.
  21.5 31.  21.5 30.  23. ]
 [40.5  7.  16.5 14.5 31.  20.5 -1.  37.  13.5 32.  29.5 26.  30.5 16.
  44.5 27.  35.5 15.  25. ]
 [28.  19.5 42.  35.5 23.5 36.  37.  -1.  11.  35.  30.5 12.  37.  15.5
  28.  26.5 12.5 40.  37.5]
 [27.  29.5 16.5 32.  16.  19.5 13.5 11.  -1.  17.  19.5 22.5 31.  38.
  31.  24.5 29.  34.  24. ]
 [43.5 34.5 20.5 24.  29.5 27.  32.  35.  17.  -1.  23.  34.  38.5 37.5
  28.5 14.5 28.5 41.  23. ]
 [29.  30.5 39.  46.  26.5 22.5 29.5 30.5 19.5 23.  -1.  18.  11.  37.
  17.  25.5 25.  33.  39. ]
 [19.  41.5 26.5 25.  31.5 18.5 26.  12.  22.5 34.  18.  -1.  37.  33.5
  31.  27.5 43.  29.5  9.5]
 [21.5 45.5 33.  30.5 30.  20.5 30.5 37.  31.  38.5 11.  37.  -1.  44.5
  36.5 40.5 26.5 27.  19. ]
 [45.  13.  16.5 22.5 35.5 23.  16.  15.5 38.  37.5 37.  33.5 44.5 -1.
  27.  27.  24.  13.5 17.5]
 [42.  22.  38.  28.5 21.  21.5 44.5 28.  31.  28.5 17.  31.  36.5 27.
  -1.  31.  15.5 22.  36.5]
 [41.5 11.5 34.5 18.  30.  31.  27.  26.5 24.5 14.5 25.5 27.5 40.5 27.
  31.  -1.  34.5 13.  30.5]
 [27.  40.   8.  24.  21.5 21.5 35.5 12.5 29.  28.5 25.  43.  26.5 24.
  15.5 34.5 -1.  25.  26. ]
 [30.  10.  38.  28.5 37.5 30.  15.  40.  34.  41.  33.  29.5 27.  13.5
  22.  13.  25.  -1.  29. ]
 [15.5 29.5 24.5 16.  41.5 23.  25.  37.5 24.  23.  39.   9.5 19.  17.5
  36.5 30.5 26.  29.  -1. ]]
Using alogirthm BRUTE_FORCE
BRUTE_FORCE: Best solution from 100 iterations took 94 steps -> (0, 1, 2, 3, 4, 5, 6, 7, 8, 9, 10, 11, 12, 13, 17, 18, 15, 16, 14) -> 855846.25
Function brute_force execution time: 0.015392780303955078
Using alogirthm RANDOM_PERMUTATION
RANDOM PERM: Best solution from 100 iterations took 72 steps -> [18, 15, 8, 16, 13, 14, 10, 5, 9, 0, 11, 3, 2, 1, 4, 12, 6, 7, 17] -> 800067.75
Function random_permutations execution time: 0.016526222229003906
[[-1.  19.5 30.  33.  20.5 26.5 19.5 40.   6.5 33.  11.5 24.5 49.5 33.5
  29.5 10.  18.5 34.5 29.5]
 [19.5 -1.  22.5 32.5 26.  35.  25.  39.5 23.5 25.  11.  38.  20.  16.
  30.5 14.5 46.5 28.5 28. ]
 [30.  22.5 -1.  38.  30.5 21.5  7.  14.  39.  25.  31.  21.  38.5 10.5
  39.  16.5 30.  26.  22. ]
 [33.  32.5 38.  -1.  29.  23.5 24.  33.  27.5 16.5 36.5 19.  32.  32.
  48.5 29.5 26.5 12.5 34.5]
 [20.5 26.  30.5 29.  -1.  17.  21.5 40.5 30.5 23.  38.5 32.5 30.5 18.
  22.5 34.  26.5 27.5 28.5]
 [26.5 35.  21.5 23.5 17.  -1.  26.  18.  13.  19.5 45.5 18.  36.  29.5
  21.  19.  32.5 37.  29. ]
 [19.5 25.   7.  24.  21.5 26.  -1.  26.5 26.5 40.  40.5 19.  36.5  9.
  29.  36.  26.5 18.  34.5]
 [40.  39.5 14.  33.  40.5 18.  26.5 -1.  24.5 19.  23.  14.5 17.  11.5
  20.  28.  27.  40.5 34.5]
 [ 6.5 23.5 39.  27.5 30.5 13.  26.5 24.5 -1.  17.5 30.5 37.5 30.5 28.
  45.  49.5 19.  21.5 18. ]
 [33.  25.  25.  16.5 23.  19.5 40.  19.  17.5 -1.  40.  13.5 35.  32.
  26.  19.5 28.  28.  38. ]
 [11.5 11.  31.  36.5 38.5 45.5 40.5 23.  30.5 40.  -1.  30.  19.  14.5
  36.5 16.5 13.5 25.  30.5]
 [24.5 38.  21.  19.  32.5 18.  19.  14.5 37.5 13.5 30.  -1.  20.5 14.5
  21.5 37.  29.  25.  40. ]
 [49.5 20.  38.5 32.  30.5 36.  36.5 17.  30.5 35.  19.  20.5 -1.  31.
  18.5 28.  41.5 24.  44. ]
 [33.5 16.  10.5 32.  18.  29.5  9.  11.5 28.  32.  14.5 14.5 31.  -1.
  39.5 41.5 10.5 16.5 29.5]
 [29.5 30.5 39.  48.5 22.5 21.  29.  20.  45.  26.  36.5 21.5 18.5 39.5
  -1.  28.  24.  14.  36. ]
 [10.  14.5 16.5 29.5 34.  19.  36.  28.  49.5 19.5 16.5 37.  28.  41.5
  28.  -1.  21.5 46.5 34. ]
 [18.5 46.5 30.  26.5 26.5 32.5 26.5 27.  19.  28.  13.5 29.  41.5 10.5
  24.  21.5 -1.  36.  11. ]
 [34.5 28.5 26.  12.5 27.5 37.  18.  40.5 21.5 28.  25.  25.  24.  16.5
  14.  46.5 36.  -1.  10.5]
 [29.5 28.  22.  34.5 28.5 29.  34.5 34.5 18.  38.  30.5 40.  44.  29.5
  36.  34.  11.  10.5 -1. ]]
Using alogirthm BRUTE_FORCE
BRUTE_FORCE: Best solution from 100 iterations took 89 steps -> (0, 1, 2, 3, 4, 5, 6, 7, 8, 9, 10, 11, 12, 13, 17, 16, 18, 14, 15) -> 999223.25
Function brute_force execution time: 0.015703916549682617
Using alogirthm RANDOM_PERMUTATION
RANDOM PERM: Best solution from 100 iterations took 90 steps -> [2, 6, 9, 12, 13, 5, 18, 1, 8, 7, 10, 16, 15, 17, 3, 0, 14, 4, 11] -> 907104.75
Function random_permutations execution time: 0.016454696655273438
[[-1.  46.5 31.  16.  37.5 30.5 24.  29.  12.5 33.  16.  17.  13.  26.5
  23.5 27.5 26.  27.5 38. ]
 [46.5 -1.  32.  24.5 36.5 18.  28.5 18.5 16.5 36.  30.  17.5 17.  38.5
  40.5 22.5 24.5 24.  24.5]
 [31.  32.  -1.  39.5 15.5 25.  22.5 37.5 29.  17.5 25.  41.5 36.  34.5
  35.  26.5 39.5 22.  14.5]
 [16.  24.5 39.5 -1.  39.  12.5  6.5 44.  17.  11.  29.  23.5 27.  16.5
  40.5 28.  29.5 29.5 34. ]
 [37.5 36.5 15.5 39.  -1.  17.  35.  37.5 33.5 48.  30.5 26.5 33.5 33.
  39.5 25.5 14.5 19.5 30. ]
 [30.5 18.  25.  12.5 17.  -1.  24.  20.5 14.  39.  24.  21.5 10.5 30.5
  22.  22.  32.5 24.  34. ]
 [24.  28.5 22.5  6.5 35.  24.  -1.   6.  20.5 27.5 23.5 34.  36.5 16.5
  39.5 15.5 28.  25.5 12. ]
 [29.  18.5 37.5 44.  37.5 20.5  6.  -1.  33.  18.5  6.5 22.  31.5 34.
  29.  13.5 14.  28.5 29.5]
 [12.5 16.5 29.  17.  33.5 14.  20.5 33.  -1.  19.5 22.  25.  28.5 32.
  27.  27.  21.5 24.5 35. ]
 [33.  36.  17.5 11.  48.  39.  27.5 18.5 19.5 -1.  28.  30.5 16.  33.5
  31.5 14.5 27.  29.5 38.5]
 [16.  30.  25.  29.  30.5 24.  23.5  6.5 22.  28.  -1.  46.  21.5 35.
  36.  35.  17.5 38.5 33. ]
 [17.  17.5 41.5 23.5 26.5 21.5 34.  22.  25.  30.5 46.  -1.  28.  33.
  15.5 27.  37.5 24.  41.5]
 [13.  17.  36.  27.  33.5 10.5 36.5 31.5 28.5 16.  21.5 28.  -1.  42.5
  41.5 25.5 30.5 47.5 25. ]
 [26.5 38.5 34.5 16.5 33.  30.5 16.5 34.  32.  33.5 35.  33.  42.5 -1.
  34.5 30.5 22.  36.5 11.5]
 [23.5 40.5 35.  40.5 39.5 22.  39.5 29.  27.  31.5 36.  15.5 41.5 34.5
  -1.  19.5 16.5 27.  37. ]
 [27.5 22.5 26.5 28.  25.5 22.  15.5 13.5 27.  14.5 35.  27.  25.5 30.5
  19.5 -1.  22.  42.  22.5]
 [26.  24.5 39.5 29.5 14.5 32.5 28.  14.  21.5 27.  17.5 37.5 30.5 22.
  16.5 22.  -1.  30.5 29.5]
 [27.5 24.  22.  29.5 19.5 24.  25.5 28.5 24.5 29.5 38.5 24.  47.5 36.5
  27.  42.  30.5 -1.  23.5]
 [38.  24.5 14.5 34.  30.  34.  12.  29.5 35.  38.5 33.  41.5 25.  11.5
  37.  22.5 29.5 23.5 -1. ]]
Using alogirthm BRUTE_FORCE
BRUTE_FORCE: Best solution from 100 iterations took 78 steps -> (0, 1, 2, 3, 4, 5, 6, 7, 8, 9, 10, 11, 12, 13, 17, 14, 18, 16, 15) -> 814528.0
Function brute_force execution time: 0.016005754470825195
Using alogirthm RANDOM_PERMUTATION
RANDOM PERM: Best solution from 100 iterations took 6 steps -> [0, 14, 18, 15, 11, 12, 8, 2, 9, 6, 5, 10, 3, 17, 7, 16, 1, 13, 4] -> 797651.0
Function random_permutations execution time: 0.016794204711914062
[[-1.  31.  37.5 34.  34.5 38.  25.  36.  27.5 43.  21.  29.5 13.5 34.
  23.  23.5 17.  24.  42.5]
 [31.  -1.  35.5 27.5 40.5 19.5 33.5 15.  24.5 32.5 32.  10.  26.  14.
  13.  21.5 23.5 17.5 36. ]
 [37.5 35.5 -1.  42.  20.5 26.5 32.  20.5 29.  22.  18.5 20.5 26.5 32.
  16.  19.   8.  31.5 24.5]
 [34.  27.5 42.  -1.  16.  25.  35.5 28.5 30.  28.  29.5 35.  38.  40.5
  41.  34.  28.5 15.5 26. ]
 [34.5 40.5 20.5 16.  -1.  37.  37.  26.5 37.  24.5 38.5 16.5 26.  43.5
  27.5 18.5 27.5 17.5 28.5]
 [38.  19.5 26.5 25.  37.  -1.  36.  30.  45.   7.5 21.5 37.5 34.  24.5
  43.5 38.5 46.   8.  30. ]
 [25.  33.5 32.  35.5 37.  36.  -1.  20.5 35.5 35.  25.5 10.5 17.  45.5
  19.5 16.5 18.5 14.  37. ]
 [36.  15.  20.5 28.5 26.5 30.  20.5 -1.  27.  44.  31.5  7.  19.5 32.5
  45.5 30.5 21.  13.  12.5]
 [27.5 24.5 29.  30.  37.  45.  35.5 27.  -1.  33.5 45.  46.  16.  31.
  15.5 34.  46.  35.  13.5]
 [43.  32.5 22.  28.  24.5  7.5 35.  44.  33.5 -1.  36.5  5.5 25.  41.5
  35.  40.5 34.5 39.  14.5]
 [21.  32.  18.5 29.5 38.5 21.5 25.5 31.5 45.  36.5 -1.  14.5 20.  38.
  36.  38.  14.5 17.  25.5]
 [29.5 10.  20.5 35.  16.5 37.5 10.5  7.  46.   5.5 14.5 -1.  40.5 25.
  28.5 25.  18.  10.5 29. ]
 [13.5 26.  26.5 38.  26.  34.  17.  19.5 16.  25.  20.  40.5 -1.  36.
  26.  18.  28.  27.5 26.5]
 [34.  14.  32.  40.5 43.5 24.5 45.5 32.5 31.  41.5 38.  25.  36.  -1.
  27.5  8.5 27.5 30.5 27.5]
 [23.  13.  16.  41.  27.5 43.5 19.5 45.5 15.5 35.  36.  28.5 26.  27.5
  -1.  31.5 47.  21.  32. ]
 [23.5 21.5 19.  34.  18.5 38.5 16.5 30.5 34.  40.5 38.  25.  18.   8.5
  31.5 -1.  28.5 20.  26. ]
 [17.  23.5  8.  28.5 27.5 46.  18.5 21.  46.  34.5 14.5 18.  28.  27.5
  47.  28.5 -1.  30.5 17.5]
 [24.  17.5 31.5 15.5 17.5  8.  14.  13.  35.  39.  17.  10.5 27.5 30.5
  21.  20.  30.5 -1.  39.5]
 [42.5 36.  24.5 26.  28.5 30.  37.  12.5 13.5 14.5 25.5 29.  26.5 27.5
  32.  26.  17.5 39.5 -1. ]]
Using alogirthm BRUTE_FORCE
BRUTE_FORCE: Best solution from 100 iterations took 90 steps -> (0, 1, 2, 3, 4, 5, 6, 7, 8, 9, 10, 11, 12, 13, 17, 16, 18, 15, 14) -> 864762.5
Function brute_force execution time: 0.015897035598754883
Using alogirthm RANDOM_PERMUTATION
RANDOM PERM: Best solution from 100 iterations took 99 steps -> [5, 13, 12, 1, 0, 16, 11, 8, 7, 15, 9, 4, 2, 18, 6, 10, 14, 17, 3] -> 789484.0
Function random_permutations execution time: 0.01700901985168457
[[-1.  38.5 23.  23.5 22.5 15.5 17.5 20.  30.5 17.5 31.  38.5 37.  35.5
  26.  20.5 30.  22.  22.5]
 [38.5 -1.  36.  26.5 26.  16.  20.  27.  25.  19.  22.  10.5 30.5 34.
  33.5 34.  34.  20.  26. ]
 [23.  36.  -1.  36.5  8.  23.  14.  26.  14.  27.  46.  26.  35.  39.5
  12.  35.  25.5 23.5 24. ]
 [23.5 26.5 36.5 -1.  14.  18.5 20.5 32.5 25.  18.5 32.  11.5 24.5 24.
  26.  11.5 17.  23.5 21. ]
 [22.5 26.   8.  14.  -1.  39.  39.  33.  29.5 24.  29.5 49.5 39.5 18.
  23.5 16.  20.5 24.5 40.5]
 [15.5 16.  23.  18.5 39.  -1.  37.  32.  36.  26.  23.5  9.5 30.5 40.
  31.5 37.5 23.5 29.  27.5]
 [17.5 20.  14.  20.5 39.  37.  -1.  20.  32.  11.   9.  36.  21.5 10.5
  23.  33.  31.5 35.5 46. ]
 [20.  27.  26.  32.5 33.  32.  20.  -1.  40.5 26.5  5.5 36.5 34.5 27.5
  34.  29.5 29.  17.  18. ]
 [30.5 25.  14.  25.  29.5 36.  32.  40.5 -1.  22.5 34.  38.5 32.  21.
  49.  33.  27.5 24.5 25. ]
 [17.5 19.  27.  18.5 24.  26.  11.  26.5 22.5 -1.  13.5 17.5 34.5 29.
  10.5 24.  29.  27.5 12.5]
 [31.  22.  46.  32.  29.5 23.5  9.   5.5 34.  13.5 -1.  18.5 38.5 27.5
  13.5 18.5 29.5 19.  46.5]
 [38.5 10.5 26.  11.5 49.5  9.5 36.  36.5 38.5 17.5 18.5 -1.  31.5 39.5
  41.  34.  12.  44.  26.5]
 [37.  30.5 35.  24.5 39.5 30.5 21.5 34.5 32.  34.5 38.5 31.5 -1.  26.5
  40.  36.  44.  28.5 24. ]
 [35.5 34.  39.5 24.  18.  40.  10.5 27.5 21.  29.  27.5 39.5 26.5 -1.
  37.  44.5 29.  26.  29. ]
 [26.  33.5 12.  26.  23.5 31.5 23.  34.  49.  10.5 13.5 41.  40.  37.
  -1.  44.5 11.5 41.  42.5]
 [20.5 34.  35.  11.5 16.  37.5 33.  29.5 33.  24.  18.5 34.  36.  44.5
  44.5 -1.  43.5 12.  33.5]
 [30.  34.  25.5 17.  20.5 23.5 31.5 29.  27.5 29.  29.5 12.  44.  29.
  11.5 43.5 -1.  38.5 23. ]
 [22.  20.  23.5 23.5 24.5 29.  35.5 17.  24.5 27.5 19.  44.  28.5 26.
  41.  12.  38.5 -1.  35. ]
 [22.5 26.  24.  21.  40.5 27.5 46.  18.  25.  12.5 46.5 26.5 24.  29.
  42.5 33.5 23.  35.  -1. ]]
Using alogirthm BRUTE_FORCE
BRUTE_FORCE: Best solution from 100 iterations took 20 steps -> (0, 1, 2, 3, 4, 5, 6, 7, 8, 9, 10, 11, 12, 13, 14, 18, 15, 17, 16) -> 924262.75
Function brute_force execution time: 0.016253232955932617
Using alogirthm RANDOM_PERMUTATION
RANDOM PERM: Best solution from 100 iterations took 65 steps -> [10, 4, 2, 6, 3, 13, 7, 0, 9, 15, 5, 16, 11, 14, 12, 18, 17, 8, 1] -> 808309.75
Function random_permutations execution time: 0.01682758331298828
[[-1.  30.  36.5 31.  39.5 22.  33.  12.5 22.5 13.5 25.  35.  16.5 12.
  34.  35.  11.5  5.  40. ]
 [30.  -1.  21.5 39.  42.5 32.5 36.  41.  25.  13.  12.5 29.  28.5 21.5
  38.5 35.  11.5  9.5 30.5]
 [36.5 21.5 -1.  20.5 18.   8.5 35.  29.5 39.5 24.  36.  14.  20.  10.5
  24.5 35.5 17.5 24.  14. ]
 [31.  39.  20.5 -1.  33.5 16.  38.  23.5 24.5 10.5 27.5 23.  36.5 33.
  23.  16.  21.5 19.  36.5]
 [39.5 42.5 18.  33.5 -1.  39.  13.  23.  36.5 26.  17.  36.5 22.  39.
  27.  20.5 39.  20.  27. ]
 [22.  32.5  8.5 16.  39.  -1.  42.5 27.5 22.   6.5 43.  32.5 28.5 20.
  45.5 49.  20.5 27.  11.5]
 [33.  36.  35.  38.  13.  42.5 -1.  21.5 46.  15.  22.5 35.5 36.5  6.
  33.  31.  26.5 30.5 27.5]
 [12.5 41.  29.5 23.5 23.  27.5 21.5 -1.  14.5 45.  49.  22.  45.  14.5
  26.  16.5 17.  15.  47. ]
 [22.5 25.  39.5 24.5 36.5 22.  46.  14.5 -1.  17.5 17.5 21.5 32.  20.
  34.  37.5 31.  31.  13.5]
 [13.5 13.  24.  10.5 26.   6.5 15.  45.  17.5 -1.  24.5 30.5 42.  28.
  17.5 14.  17.5 19.5 28. ]
 [25.  12.5 36.  27.5 17.  43.  22.5 49.  17.5 24.5 -1.  28.5 38.5 24.
  29.  27.  14.5 30.  25.5]
 [35.  29.  14.  23.  36.5 32.5 35.5 22.  21.5 30.5 28.5 -1.  21.5 28.5
  27.5 10.  26.5 34.5 28. ]
 [16.5 28.5 20.  36.5 22.  28.5 36.5 45.  32.  42.  38.5 21.5 -1.  33.5
  20.  35.5 20.5 28.  30. ]
 [12.  21.5 10.5 33.  39.  20.   6.  14.5 20.  28.  24.  28.5 33.5 -1.
  13.5 34.  34.5 41.5 24.5]
 [34.  38.5 24.5 23.  27.  45.5 33.  26.  34.  17.5 29.  27.5 20.  13.5
  -1.  31.  45.  15.  39. ]
 [35.  35.  35.5 16.  20.5 49.  31.  16.5 37.5 14.  27.  10.  35.5 34.
  31.  -1.  18.5 34.5 21.5]
 [11.5 11.5 17.5 21.5 39.  20.5 26.5 17.  31.  17.5 14.5 26.5 20.5 34.5
  45.  18.5 -1.  25.5 23.5]
 [ 5.   9.5 24.  19.  20.  27.  30.5 15.  31.  19.5 30.  34.5 28.  41.5
  15.  34.5 25.5 -1.  43. ]
 [40.  30.5 14.  36.5 27.  11.5 27.5 47.  13.5 28.  25.5 28.  30.  24.5
  39.  21.5 23.5 43.  -1. ]]
Using alogirthm BRUTE_FORCE
BRUTE_FORCE: Best solution from 100 iterations took 83 steps -> (0, 1, 2, 3, 4, 5, 6, 7, 8, 9, 10, 11, 12, 13, 17, 15, 18, 14, 16) -> 785746.75
Function brute_force execution time: 0.015460729598999023
Using alogirthm RANDOM_PERMUTATION
RANDOM PERM: Best solution from 100 iterations took 0 steps -> [14, 1, 17, 10, 7, 18, 13, 11, 16, 6, 3, 4, 9, 0, 15, 2, 12, 5, 8] -> 806406.75
Function random_permutations execution time: 0.016761064529418945
[[-1.  26.  39.5 26.5 36.  15.  40.  39.5 23.5 43.5 24.5 43.  42.5 31.
  28.5 15.5 19.  15.  31. ]
 [26.  -1.  38.  24.5 33.  25.  18.  38.  48.  26.5 29.  26.  20.5 11.
  31.  41.  21.5 24.5 15.5]
 [39.5 38.  -1.  21.5 17.5 14.5 37.5 45.  35.5 44.  31.  31.5 41.  28.
  35.5 13.5 33.  26.5 43.5]
 [26.5 24.5 21.5 -1.  38.5 17.5 32.5 24.5 40.5 31.5 20.  19.5 30.5 36.
  25.  21.  22.5 33.5 36. ]
 [36.  33.  17.5 38.5 -1.  40.5 42.  11.  20.5 15.5 28.  31.  33.5 45.5
  15.5  6.5 21.  19.  27. ]
 [15.  25.  14.5 17.5 40.5 -1.  23.  46.5 30.  31.  42.  29.  16.5 21.5
  15.  23.  29.5 26.5 22. ]
 [40.  18.  37.5 32.5 42.  23.  -1.  32.5 26.  44.  39.  30.5 38.5 10.
  27.  27.  39.5 25.5 31. ]
 [39.5 38.  45.  24.5 11.  46.5 32.5 -1.  32.  30.  17.  22.  48.   7.5
  27.  36.5 31.5 26.5 15.5]
 [23.5 48.  35.5 40.5 20.5 30.  26.  32.  -1.  40.  19.5 31.  20.  41.5
  26.5 42.5 38.  41.  17. ]
 [43.5 26.5 44.  31.5 15.5 31.  44.  30.  40.  -1.  22.  41.  25.5 38.5
  43.  31.  15.5  8.5 29.5]
 [24.5 29.  31.  20.  28.  42.  39.  17.  19.5 22.  -1.  30.  26.5 14.
  28.5 14.5 34.5 28.  42.5]
 [43.  26.  31.5 19.5 31.  29.  30.5 22.  31.  41.  30.  -1.  28.5 11.
  22.  30.  36.  29.  16. ]
 [42.5 20.5 41.  30.5 33.5 16.5 38.5 48.  20.  25.5 26.5 28.5 -1.  22.5
  19.5 38.5 35.5 36.  29.5]
 [31.  11.  28.  36.  45.5 21.5 10.   7.5 41.5 38.5 14.  11.  22.5 -1.
  24.5 20.  21.5 25.  22. ]
 [28.5 31.  35.5 25.  15.5 15.  27.  27.  26.5 43.  28.5 22.  19.5 24.5
  -1.  45.  25.  35.5 25.5]
 [15.5 41.  13.5 21.   6.5 23.  27.  36.5 42.5 31.  14.5 30.  38.5 20.
  45.  -1.  36.  31.5 34.5]
 [19.  21.5 33.  22.5 21.  29.5 39.5 31.5 38.  15.5 34.5 36.  35.5 21.5
  25.  36.  -1.  27.5 33. ]
 [15.  24.5 26.5 33.5 19.  26.5 25.5 26.5 41.   8.5 28.  29.  36.  25.
  35.5 31.5 27.5 -1.  44.5]
 [31.  15.5 43.5 36.  27.  22.  31.  15.5 17.  29.5 42.5 16.  29.5 22.
  25.5 34.5 33.  44.5 -1. ]]
Using alogirthm BRUTE_FORCE
BRUTE_FORCE: Best solution from 100 iterations took 15 steps -> (0, 1, 2, 3, 4, 5, 6, 7, 8, 9, 10, 11, 12, 13, 14, 17, 16, 15, 18) -> 942327.25
Function brute_force execution time: 0.016288280487060547
Using alogirthm RANDOM_PERMUTATION
RANDOM PERM: Best solution from 100 iterations took 18 steps -> [3, 7, 2, 9, 16, 8, 10, 6, 11, 12, 13, 1, 4, 18, 14, 0, 5, 15, 17] -> 843746.25
Function random_permutations execution time: 0.016567468643188477
[[-1.  29.  27.  34.  34.  22.  26.5 22.  23.5 22.5 36.  17.  46.  43.
  21.5 13.  27.5 25.  20. ]
 [29.  -1.  27.5 35.  26.5 28.  31.5 17.  33.5 11.5 21.5 37.  12.  33.
  17.5 30.  20.5 29.  37.5]
 [27.  27.5 -1.  30.5 29.  34.5 24.  25.5 25.5 24.5  8.  25.5 34.5 25.5
  12.5 24.5 44.5 37.  30.5]
 [34.  35.  30.5 -1.  34.  43.   8.  25.  27.5 15.  12.5 29.5 38.5 22.5
  28.5 38.5 16.5 19.5 28.5]
 [34.  26.5 29.  34.  -1.  36.  45.5 20.5 26.5  8.5 44.5 45.  29.5 34.5
  21.5 43.5 31.  38.5 34.5]
 [22.  28.  34.5 43.  36.  -1.  14.  12.5 35.  29.  44.  36.5 31.5 18.
  39.  15.  20.  46.5 31.5]
 [26.5 31.5 24.   8.  45.5 14.  -1.  38.5 22.5 45.5 29.5 27.5 15.  27.
  24.  32.  19.  13.  35. ]
 [22.  17.  25.5 25.  20.5 12.5 38.5 -1.  21.  30.5 39.5 40.  12.  19.5
   9.5 21.  24.  26.5 30. ]
 [23.5 33.5 25.5 27.5 26.5 35.  22.5 21.  -1.  24.  18.5 27.   9.5 34.5
  21.  35.   9.  12.5 13. ]
 [22.5 11.5 24.5 15.   8.5 29.  45.5 30.5 24.  -1.  39.  31.  12.5 29.
  27.  19.5 30.  19.   8.5]
 [36.  21.5  8.  12.5 44.5 44.  29.5 39.5 18.5 39.  -1.  30.5 23.  24.5
  38.  32.5 37.5 15.  28. ]
 [17.  37.  25.5 29.5 45.  36.5 27.5 40.  27.  31.  30.5 -1.  23.5 35.5
  15.5 23.5 25.5 28.  26.5]
 [46.  12.  34.5 38.5 29.5 31.5 15.  12.   9.5 12.5 23.  23.5 -1.  27.
  30.5 24.5 18.5 29.  36. ]
 [43.  33.  25.5 22.5 34.5 18.  27.  19.5 34.5 29.  24.5 35.5 27.  -1.
  41.  28.  27.  29.5 25. ]
 [21.5 17.5 12.5 28.5 21.5 39.  24.   9.5 21.  27.  38.  15.5 30.5 41.
  -1.  24.  22.5 25.  36.5]
 [13.  30.  24.5 38.5 43.5 15.  32.  21.  35.  19.5 32.5 23.5 24.5 28.
  24.  -1.  33.5 33.5 30.5]
 [27.5 20.5 44.5 16.5 31.  20.  19.  24.   9.  30.  37.5 25.5 18.5 27.
  22.5 33.5 -1.  39.  42.5]
 [25.  29.  37.  19.5 38.5 46.5 13.  26.5 12.5 19.  15.  28.  29.  29.5
  25.  33.5 39.  -1.  36.5]
 [20.  37.5 30.5 28.5 34.5 31.5 35.  30.  13.   8.5 28.  26.5 36.  25.
  36.5 30.5 42.5 36.5 -1. ]]
Using alogirthm BRUTE_FORCE
BRUTE_FORCE: Best solution from 100 iterations took 44 steps -> (0, 1, 2, 3, 4, 5, 6, 7, 8, 9, 10, 11, 12, 13, 15, 18, 14, 17, 16) -> 1089454.5
Function brute_force execution time: 0.015744447708129883
Using alogirthm RANDOM_PERMUTATION
RANDOM PERM: Best solution from 100 iterations took 18 steps -> [12, 3, 16, 9, 0, 15, 14, 17, 4, 6, 7, 10, 1, 5, 8, 2, 13, 18, 11] -> 952253.5
Function random_permutations execution time: 0.016443252563476562
[[-1.  35.5 20.5 23.5 10.  44.  16.   9.  45.  33.5 19.5 18.  22.  14.
  18.  24.  39.5 15.  22. ]
 [35.5 -1.  15.5 31.5 42.  25.  37.5 36.  30.5 40.  25.  31.  17.5 34.
  23.5 43.  20.5 38.5 29.5]
 [20.5 15.5 -1.  21.  14.  25.5 13.5 20.  43.  43.5 31.  29.  38.5 44.
  33.5 34.5 22.  35.  44. ]
 [23.5 31.5 21.  -1.  26.  18.5 41.  16.5 26.  16.  38.5 25.5 22.  22.
  18.5 17.  18.  19.5 14.5]
 [10.  42.  14.  26.  -1.  16.5 32.  38.  27.  33.5 33.  30.  40.  43.5
  37.  41.  15.  15.  13. ]
 [44.  25.  25.5 18.5 16.5 -1.  10.5 27.  22.  42.  35.  25.  27.  23.
   6.5 22.5 31.  13.  45. ]
 [16.  37.5 13.5 41.  32.  10.5 -1.  20.5 20.  42.  30.  36.5 21.  28.5
  13.  28.5 16.5 33.5 34.5]
 [ 9.  36.  20.  16.5 38.  27.  20.5 -1.  42.5 22.  10.5 34.  36.  33.5
  42.5 26.5 24.  24.5 42. ]
 [45.  30.5 43.  26.  27.  22.  20.  42.5 -1.  26.  30.5 26.5 18.  14.5
  22.5 29.  41.  26.5  8. ]
 [33.5 40.  43.5 16.  33.5 42.  42.  22.  26.  -1.  25.   8.  34.5 21.
  27.  31.5 16.  29.  31. ]
 [19.5 25.  31.  38.5 33.  35.  30.  10.5 30.5 25.  -1.  12.  19.5 48.
  40.  28.  30.5 45.  12.5]
 [18.  31.  29.  25.5 30.  25.  36.5 34.  26.5  8.  12.  -1.  25.5 38.5
  27.  20.5 27.5 31.  27. ]
 [22.  17.5 38.5 22.  40.  27.  21.  36.  18.  34.5 19.5 25.5 -1.  17.5
  16.5 16.5 38.  29.5 24.5]
 [14.  34.  44.  22.  43.5 23.  28.5 33.5 14.5 21.  48.  38.5 17.5 -1.
  31.5 16.  26.5 30.  35.5]
 [18.  23.5 33.5 18.5 37.   6.5 13.  42.5 22.5 27.  40.  27.  16.5 31.5
  -1.   8.  26.5 27.  22.5]
 [24.  43.  34.5 17.  41.  22.5 28.5 26.5 29.  31.5 28.  20.5 16.5 16.
   8.  -1.  14.5 39.5 37. ]
 [39.5 20.5 22.  18.  15.  31.  16.5 24.  41.  16.  30.5 27.5 38.  26.5
  26.5 14.5 -1.  19.5 22. ]
 [15.  38.5 35.  19.5 15.  13.  33.5 24.5 26.5 29.  45.  31.  29.5 30.
  27.  39.5 19.5 -1.  41.5]
 [22.  29.5 44.  14.5 13.  45.  34.5 42.   8.  31.  12.5 27.  24.5 35.5
  22.5 37.  22.  41.5 -1. ]]
Using alogirthm BRUTE_FORCE
BRUTE_FORCE: Best solution from 100 iterations took 75 steps -> (0, 1, 2, 3, 4, 5, 6, 7, 8, 9, 10, 11, 12, 13, 17, 14, 16, 15, 18) -> 870255.0
Function brute_force execution time: 0.015406608581542969
Using alogirthm RANDOM_PERMUTATION
RANDOM PERM: Best solution from 100 iterations took 74 steps -> [9, 3, 8, 14, 1, 2, 13, 0, 5, 11, 17, 15, 16, 18, 7, 6, 10, 4, 12] -> 775111.0
Function random_permutations execution time: 0.016126155853271484
[[-1.  16.  30.5 20.5 38.5 23.  33.  20.  17.  36.  36.5 40.5 13.  41.
  31.  34.  37.5 18.5 27. ]
 [16.  -1.  40.  26.  12.  30.5 31.5 22.5 37.  33.  44.5 22.5 30.  24.5
  20.5 41.  27.5 26.5 32. ]
 [30.5 40.  -1.  35.5 35.  30.5 26.5 36.5 13.5 27.5 37.  37.5 20.   8.5
  13.  17.  16.  12.   9.5]
 [20.5 26.  35.5 -1.  15.5 19.5 23.5 36.5 43.  38.  40.  30.  36.  41.5
  35.5 39.  32.  31.5 35. ]
 [38.5 12.  35.  15.5 -1.  25.5 35.5 11.5 16.  48.  24.5 34.  42.5 23.5
  40.5 41.5 32.5  8.  16. ]
 [23.  30.5 30.5 19.5 25.5 -1.  20.5 34.5 24.  13.  19.5  8.5 41.  22.5
  39.  47.  22.  28.  32.5]
 [33.  31.5 26.5 23.5 35.5 20.5 -1.  12.5 31.5 31.  48.  24.5 20.5 25.5
  19.  27.  22.5 18.5 16.5]
 [20.  22.5 36.5 36.5 11.5 34.5 12.5 -1.  27.5 27.  41.  43.  26.  23.5
  26.5 20.  32.5 31.  25.5]
 [17.  37.  13.5 43.  16.  24.  31.5 27.5 -1.  16.  33.5 22.5 36.5 13.
  17.  20.  28.  24.  23.5]
 [36.  33.  27.5 38.  48.  13.  31.  27.  16.  -1.  11.  39.  32.5  5.5
  34.5 35.5 36.  32.  33.5]
 [36.5 44.5 37.  40.  24.5 19.5 48.  41.  33.5 11.  -1.  26.5 21.  22.
  40.  26.  29.  20.5  9. ]
 [40.5 22.5 37.5 30.  34.   8.5 24.5 43.  22.5 39.  26.5 -1.  14.  28.
  16.5 22.5 21.  13.5 16.5]
 [13.  30.  20.  36.  42.5 41.  20.5 26.  36.5 32.5 21.  14.  -1.  12.
  41.5 32.  23.5 33.  41. ]
 [41.  24.5  8.5 41.5 23.5 22.5 25.5 23.5 13.   5.5 22.  28.  12.  -1.
  23.5 28.5 15.  26.  32.5]
 [31.  20.5 13.  35.5 40.5 39.  19.  26.5 17.  34.5 40.  16.5 41.5 23.5
  -1.  30.5 29.  22.  21.5]
 [34.  41.  17.  39.  41.5 47.  27.  20.  20.  35.5 26.  22.5 32.  28.5
  30.5 -1.  33.  27.  27.5]
 [37.5 27.5 16.  32.  32.5 22.  22.5 32.5 28.  36.  29.  21.  23.5 15.
  29.  33.  -1.  42.5 45.5]
 [18.5 26.5 12.  31.5  8.  28.  18.5 31.  24.  32.  20.5 13.5 33.  26.
  22.  27.  42.5 -1.  45. ]
 [27.  32.   9.5 35.  16.  32.5 16.5 25.5 23.5 33.5  9.  16.5 41.  32.5
  21.5 27.5 45.5 45.  -1. ]]
Using alogirthm BRUTE_FORCE
BRUTE_FORCE: Best solution from 100 iterations took 93 steps -> (0, 1, 2, 3, 4, 5, 6, 7, 8, 9, 10, 11, 12, 13, 17, 18, 15, 14, 16) -> 877175.75
Function brute_force execution time: 0.015185117721557617
Using alogirthm RANDOM_PERMUTATION
RANDOM PERM: Best solution from 100 iterations took 99 steps -> [14, 12, 3, 5, 13, 11, 10, 17, 8, 2, 7, 18, 4, 15, 6, 16, 1, 0, 9] -> 751627.75
Function random_permutations execution time: 0.016343116760253906
[[-1.  37.  23.5 31.  12.5 24.5 27.5 28.5 28.   8.  26.5 21.5 16.  31.5
  40.5 22.5 23.5 33.  41.5]
 [37.  -1.  29.  10.  21.  23.5 30.  38.5 20.5 17.  19.  35.5 17.5 13.
  38.  18.  23.5 12.  22. ]
 [23.5 29.  -1.  42.5 36.  38.  16.  28.  24.  11.5 27.  17.5 33.5 21.
  36.  20.  40.5 21.5 23. ]
 [31.  10.  42.5 -1.  24.5 25.5 48.  31.5 46.5 21.5 28.  41.  36.  35.
  27.  33.5 14.  29.5 40. ]
 [12.5 21.  36.  24.5 -1.  25.  37.  16.5 29.  41.  37.  30.  30.5 40.5
  18.  30.5  8.  33.  30.5]
 [24.5 23.5 38.  25.5 25.  -1.  23.5 40.  17.5 26.5 18.  31.5 30.  13.
   7.5 43.5 30.5 15.  32. ]
 [27.5 30.  16.  48.  37.  23.5 -1.  29.5 12.5 34.  20.5 26.5 36.  41.
  29.  22.  37.  14.5 21. ]
 [28.5 38.5 28.  31.5 16.5 40.  29.5 -1.  26.5 20.5 26.5 28.  24.5 33.5
  14.  34.5 37.5 32.5 19.5]
 [28.  20.5 24.  46.5 29.  17.5 12.5 26.5 -1.  38.  18.5 34.5 21.5 23.5
   7.5 36.5 38.5 33.5 13.5]
 [ 8.  17.  11.5 21.5 41.  26.5 34.  20.5 38.  -1.  31.5 11.  36.  34.5
  27.5 31.  35.5 25.5 30. ]
 [26.5 19.  27.  28.  37.  18.  20.5 26.5 18.5 31.5 -1.  33.   8.  23.5
  19.5 35.5 16.5 28.  11.5]
 [21.5 35.5 17.5 41.  30.  31.5 26.5 28.  34.5 11.  33.  -1.  29.  33.5
  35.5 26.  16.5 28.5 27. ]
 [16.  17.5 33.5 36.  30.5 30.  36.  24.5 21.5 36.   8.  29.  -1.  34.
  28.  24.  41.5 18.5 39. ]
 [31.5 13.  21.  35.  40.5 13.  41.  33.5 23.5 34.5 23.5 33.5 34.  -1.
  19.  26.  28.  25.5 18. ]
 [40.5 38.  36.  27.  18.   7.5 29.  14.   7.5 27.5 19.5 35.5 28.  19.
  -1.  31.   9.  39.5 27.5]
 [22.5 18.  20.  33.5 30.5 43.5 22.  34.5 36.5 31.  35.5 26.  24.  26.
  31.  -1.  40.  30.  29.5]
 [23.5 23.5 40.5 14.   8.  30.5 37.  37.5 38.5 35.5 16.5 16.5 41.5 28.
   9.  40.  -1.  35.5 19. ]
 [33.  12.  21.5 29.5 33.  15.  14.5 32.5 33.5 25.5 28.  28.5 18.5 25.5
  39.5 30.  35.5 -1.  27.5]
 [41.5 22.  23.  40.  30.5 32.  21.  19.5 13.5 30.  11.5 27.  39.  18.
  27.5 29.5 19.  27.5 -1. ]]
Using alogirthm BRUTE_FORCE
BRUTE_FORCE: Best solution from 100 iterations took 74 steps -> (0, 1, 2, 3, 4, 5, 6, 7, 8, 9, 10, 11, 12, 13, 17, 14, 15, 18, 16) -> 818500.5
Function brute_force execution time: 0.017141342163085938
Using alogirthm RANDOM_PERMUTATION
RANDOM PERM: Best solution from 100 iterations took 49 steps -> [4, 8, 6, 9, 1, 5, 13, 15, 3, 10, 2, 16, 18, 12, 14, 7, 0, 17, 11] -> 724196.5
Function random_permutations execution time: 0.016581296920776367
[[-1.  23.5 32.  25.  44.5 23.5 32.  12.  24.  27.  44.5 24.  22.  29.5
  44.5 18.  34.  14.5 37.5]
 [23.5 -1.  26.  30.  21.5 24.  25.5 38.5 29.  26.5 43.5 17.   9.5 12.5
  11.5 39.  27.  28.  30.5]
 [32.  26.  -1.  41.5 43.  44.5 26.5 43.  34.5 34.5 34.  43.  29.  18.5
  25.  31.5 42.  19.  26. ]
 [25.  30.  41.5 -1.  33.  37.  35.5 39.5 20.  17.5 46.5 21.5 23.5 15.5
  20.5 34.  39.5 29.  30. ]
 [44.5 21.5 43.  33.  -1.  15.5 27.  45.  32.5 24.5 15.  13.  35.5 31.5
  25.  37.  31.5 18.5 33. ]
 [23.5 24.  44.5 37.  15.5 -1.  14.  27.5 14.5 29.5 42.  41.5 31.5 25.
  44.  30.5 24.  18.  16.5]
 [32.  25.5 26.5 35.5 27.  14.  -1.  25.  43.5 32.5 34.5 21.5 23.5 31.
  13.  43.5 21.5 40.5 37.5]
 [12.  38.5 43.  39.5 45.  27.5 25.  -1.  21.5 24.5 22.5 41.5 38.5 27.5
  20.5 20.5 28.5 31.  26. ]
 [24.  29.  34.5 20.  32.5 14.5 43.5 21.5 -1.  43.  19.5 13.5 17.  35.5
  30.  41.5 12.5 31.  31. ]
 [27.  26.5 34.5 17.5 24.5 29.5 32.5 24.5 43.  -1.  21.  35.5 41.5 20.5
  31.5 40.  36.5 18.5 11.5]
 [44.5 43.5 34.  46.5 15.  42.  34.5 22.5 19.5 21.  -1.  25.5 32.5 22.5
  30.  32.  29.  27.5 14. ]
 [24.  17.  43.  21.5 13.  41.5 21.5 41.5 13.5 35.5 25.5 -1.  17.   9.
  41.5 25.  24.5 36.5 34. ]
 [22.   9.5 29.  23.5 35.5 31.5 23.5 38.5 17.  41.5 32.5 17.  -1.  21.5
  14.  33.  15.  19.  39. ]
 [29.5 12.5 18.5 15.5 31.5 25.  31.  27.5 35.5 20.5 22.5  9.  21.5 -1.
  30.5 29.  26.  30.5 20. ]
 [44.5 11.5 25.  20.5 25.  44.  13.  20.5 30.  31.5 30.  41.5 14.  30.5
  -1.  39.5 14.5 17.  40.5]
 [18.  39.  31.5 34.  37.  30.5 43.5 20.5 41.5 40.  32.  25.  33.  29.
  39.5 -1.  27.5 28.  40.5]
 [34.  27.  42.  39.5 31.5 24.  21.5 28.5 12.5 36.5 29.  24.5 15.  26.
  14.5 27.5 -1.  10.5 31. ]
 [14.5 28.  19.  29.  18.5 18.  40.5 31.  31.  18.5 27.5 36.5 19.  30.5
  17.  28.  10.5 -1.  13.5]
 [37.5 30.5 26.  30.  33.  16.5 37.5 26.  31.  11.5 14.  34.  39.  20.
  40.5 40.5 31.  13.5 -1. ]]
Using alogirthm BRUTE_FORCE
BRUTE_FORCE: Best solution from 100 iterations took 94 steps -> (0, 1, 2, 3, 4, 5, 6, 7, 8, 9, 10, 11, 12, 13, 17, 18, 15, 16, 14) -> 801290.0
Function brute_force execution time: 0.015347957611083984
Using alogirthm RANDOM_PERMUTATION
